 C, 65, 24, 127
1842464, E, 64, 0
1843170, E, 64, 0
1843174, E, 64, 0
1843200, E, 64, 0
1843216, E, 64, 127
1843238, E, 64, 127
1843257, F, 72, 64
1843264, F, 55, 64
1843264, F, 60, 64
1843268, F, 66, 64
1843319, C, 57, 48
1843336, C, 59, 63
1843339, C, 77, 58
1843339, C, 51, 52
1843341, C, 74, 67
1843361, F, 66, 64
1843363, F, 73, 64
1843375, F, 66, 64
1843381, F, 61, 64
1843484, F, 54, 64
1843502, F, 56, 64
1843502, F, 75, 64
1843574, C, 37, 48
1843575, C, 66, 50
1843577, C, 58, 65
1843577, C, 51, 36
1843621, C, 66, 22
1843621, C, 60, 35
1843620, E, 64, 127
1843635, C, 71, 56
1843639, F, 63, 64
1843639, F, 72, 64
1843753, E, 64, 0
1843819, C, 63, 51
1843820, C, 66, 66
1843820, C, 63, 51
1844781, C, 47, 48
1844780, F, 61, 64
1844782, F, 51, 64
1844811, F, 51, 64
1844829, F, 62, 64
1844838, F, 51, 64
1844864, C, 56, 41
1844872, F, 32, 64
1844899, C, 56, 39
1844984, C, 65, 44
1844984, C, 68, 58
1845035, F, 68, 64
1845088, E, 64, 0
1845108, E, 64, 127
1845108, F, 68, 64
1845116, C, 73, 69
1845126, F, 35, 64
1845132, C, 75, 61
1845134, F, 68, 64
1845139, E, 64, 0
1845177, E, F, 64, 127
1851496, E, 64, 127
1851559, C, 58, 49
1851560, C, 56, 37
1851565, C, 64, 47
1851565, C, 59, 41
1851569, C, 57, 51
1851569, C, 59, 49
1851583, E, 64, 127
1851641, E, 64, 0
1851671, F, 70, 64
1851673, E, 64, 127
1851707, F, 59, 64
1851711, F, 57, 64
1851719, F, 53, 64
1851725, F, 47, 64
1851729, F, 52, 64
1851732, F, 63, 64
1851735, C, 56, 57
1851737, C, 66, 58
1851770, F, 56, 64
1851798, C, 50, 46
1851811, F, 46, 64
1851832, F, 59, 64
1851832, F, 63, 64
1851860, F, 63, 64
1851884, E, 64, 0
1851889, F, 63, 64
1851912, E, 64, 127
1851993, C, 75, 67
1852009, C, 79, 57
1852015, F, 83, 64
1852063, E, 64, 0
1852091, E, 64, 127
1852159, F, 52, 64
1852172, E, 64, 0
1852177, C, 71, 64
1852180, F, 80, 64
1852180, C, 77, 65
1852190, F, 80, 64
1852203, F, 64, 64
1852207, F, 66, 64
1852207, F, 78, 64
1852237, C, 83, 62
1852241, C, 60, 54
1852241, C, 51, 34
1852241, C, 73, 51
1852255, F, 72, 64
1852311, F, 56, 64
1852310, F, 59, 64
1852328, C, 72, 60
1852335, C, 83, 38
1852338, E, 64, 127
1852341, E, 64, 0
1852344, F, 44, 64
1852354, E, 64, 127
1852395, F, 68, 64
1852421, C, 73, 50
1852421, C, 49, 51
1852458, E, 64, 0
1852466, E, 64, 127
1852495, F, 68, 64
1852492, C, 81, 58
1852496, E, 64, 0
1852498, C, 55, 45
1852508, E, 64, 0
1852509, E, 64, 0
1852512, F, 70, 64
1852513, C, 73, 62
1852521, E, 64, 127
1852572, E, 64, 127
1852601, F, 69, 64
1852655, C, 57, 67
1852655, C, 54, 56
1852661, C, 72, 67
1852669, F, 60, 64
1852693, C, 72, 56
1852720, F, 72, 64
1852321, C, 80, 73
1852345, F, 71, 64
1852353, F, 84, 64
1852357, F, 77, 64
1852363, F, 80, 64
1852371, F, 80, 64
1852383, C, 73, 73
1852391, C, 73, 69
1852392, C, 72, 64
1852397, F, 75, 64
1852405, F, 66, 64
1852413, F, 68, 64
1852419, F, 46, 64
1852427, E, 64, 0
1852434, E, 64, 127
1852452, E, 64, 127
1852474, C, 72, 55
1852483, F, 42, 64
1852485, F, 54, 64
1852501, F, 91, 64
1852501, E, 64, 0
1852532, E, 64, 127
1852544, F, 72, 64
1852548, F, 61, 64
1852559, F, 54, 64
1852578, E, 64, 0
1852596, C, 81, 55
1852600, E, 64, 0
1852601, F, 75, 64
1852601, F, 61, 64
1852601, F, 73, 64
1852621, E, 64, 127
1852639, C, 78, 59
1852641, F, 75, 64
1852653, E, 64, 0
1852657, E, 64, 0
1852676, F, 39, 64
1852695, E, 64, 127
1852700, C, 70, 64
1852700, C, 73, 56
1852701, C, 64, 19
1852700, C, 74, 49
1852710, E, 64, 127
1852816, F, 98, 64
1852883, F, 83, 64
1852962, C, 83, 58
1852972, F, 84, 64
1853013, E, 64, 0
1853019, C, 65, 52
1853023, C, 80, 57
1853025, C, 44, 69
1853025, C, 60, 62
1853031, C, 68, 72
1853035, F, 76, 64
1853035, E, 64, 0
1853053, F, 76, 64
1853057, F, 63, 64
1853058, F, 68, 64
1853068, E, 64, 127
1853074, E, 64, 127
1853124, F, 64, 64
1853132, C, 72, 64
1853132, C, 37, 64
1853144, F, 78, 64
1853148, F, 82, 64
1853217, E, 64, 0
1853242, C, 68, 72
1853244, C, 60, 52
1853244, C, 66, 63
1853259, E, 64, 0
1853315, E, 64, 127
1853328, F, 43, 64
1853425, C, 68, 83
1853434, F, 49, 64
1853468, C, 79, 69
1853468, C, 75, 64
1853471, F, 58, 64
1853471, F, 78, 64
1853506, E, 64, 127
1853516, F, 51, 64
1853529, E, 64, 0
1853544, C, 68, 57
1853555, C, 66, 72
1853561, C, 63, 41
1853564, C, 69, 58
1853589, F, 65, 64
1853613, F, 61, 64
1853646, E, 64, 0
1853658, E, 64, 127
1853671, E, 64, 127
1853683, C, 73, 38
1853694, F, 72, 64
1853717, C, 66, 71
1853719, C, 73, 93
1853719, C, 42, 71
1853723, E, 64, 0
1853739, E, 64, 127
1853764, E, 64, 127
1853779, E, 64, 127
1853863, C, 55, 24
1853868, C, 68, 54
1853870, F, 56, 64
1853874, F, 51, 64
1853964, E, 64, 0
1853991, C, 75, 47
1853992, C, 61, 50
1854035, F, 75, 64
1854041, F, 57, 64
1854042, F, 68, 64
1854095, F, 58, 64
1854095, F, 51, 64
1854121, E, 64, 0
1854132, C, 75, 69
1854145, C, 67, 58
1854162, F, 71, 64
1845190, C, 66, 58
1845191, C, 69, 59
1845202, E, 64, 127
1845283, F, 60, 64
1845319, F, 67, 64
1845433, C, 75, 59
1845469, C, 56, 74
1845475, F, 67, 64
1845529, C, 66, 73
1845531, C, 61, 58
1845532, C, 35, 47
1845555, F, 50, 64
1845601, F, 64, 64
1845601, F, 56, 64
1845609, F, 58, 64
1845609, C, 66, 71
1845609, C, 51, 62
1845610, C, 63, 77
1845610, C, 64, 55
1845615, C, 64, 64
1845650, F, 72, 64
1845654, E, 64, 0
1845700, E, 64, 127
1845705, E, 64, 127
1845715, C, 75, 57
1845718, F, 77, 64
1845803, C, 64, 37
1845805, C, 51, 1
1845805, C, 60, 32
1845805, E, 64, 127
1845845, F, 63, 64
1845863, E, 64, 0
1845896, E, 64, 127
1845935, E, 64, 0
1845954, C, 61, 44
1845957, C, 59, 52
1845996, F, 63, 64
1846009, F, 68, 64
1846056, C, 72, 48
1846057, C, 55, 49
1846060, C, 75, 61
1846062, F, 75, 64
1846068, F, 71, 64
1846095, F, 64, 64
1846103, F, 71, 64
1846108, F, 73, 64
1846134, C, 82, 56
1846173, F, 80, 64
1846189, C, 83, 67
1846202, F, 38, 64
1846212, C, 84, 73
1846219, E, 64, 0
1846252, E, 64, 0
1846373, E, 64, 127
1846446, F, 46, 64
1846451, F, 56, 64
1846453, F, 51, 64
1846464, C, 71, 51
1846492, C, 80, 56
1846505, F, 73, 64
1846606, F, 81, 64
1846609, E, 64, 127
1846647, E, 64, 0
1846666, F, 67, 64
1846680, E, 64, 127
1846774, C, 68, 69
1846798, F, 61, 64
1846840, F, 61, 64
1846840, F, 56, 64
1846843, F, 44, 64
1846849, C, 51, 56
1846900, C, 68, 63
1846907, F, 71, 64
1846899, C, 76, 58
1846988, C, 63, 56
1846991, F, 56, 64
1846992, F, 68, 64
1846997, F, 42, 64
1846998, F, 75, 64
1846998, F, 63, 64
1846998, F, 63, 64
1847060, E, 64, 127
1847111, C, 65, 65
1847120, E, 64, 0
1847124, F, 56, 64
1847161, E, 64, 127
1847167, F, 56, 64
1847174, F, 60, 64
1847182, F, 60, 64
1847277, E, 64, 0
1847282, E, 64, 127
1847332, F, 54, 64
1847331, F, 60, 64
1847403, C, 81, 52
1847403, C, 63, 65
1847403, C, 44, 83
1847412, E, 64, 127
1847433, E, 64, 0
1847508, E, 64, 127
1847545, E, 64, 127
1847579, C, 61, 39
1847591, F, 51, 64
1847601, C, 61, 41
1847602, C, 47, 39
1847602, C, 64, 40
1847610, C, 70, 55
1847614, C, 73, 47
1847620, F, 70, 64
1847633, E, 64, 0
1847656, F, 54, 64
1847658, E, 64, 127
1847702, E, 64, 0
1847709, E, 64, 0
1847755, E, 64, 127
1847867, F, 51, 64
1847885, C, 66, 54
1847885, C, 47, 48
1847892, C, 44, 47
1847893, C, 55, 13
1847893, C, 59, 20
1847896, C, 64, 32
1847905, E, 64, 127
1847915, E, 64, 0
1847929, C, 63, 51
1847931, E, 64, 0
1847942, F, 73, 64
1847944, E, 64, 127
1847971, E, 64, 0
1847991, E, 64, 127
1848015, E, 64, 0
1848015, F, 73, 64
1848112, E, 64, 127
1848157, C, 70, 62
1848187, F, 75, 64
1848229, E, 64, 0
1848230, C, 63, 58
1848238, C, 67, 54
1848246, F, 65, 64
1848261, F, 54, 64
1848263, C, 62, 51
1848316, F, 69, 64
1848334, E, 64, 0
1848343, F, 54, 64
1848351, E, 64, 127
1848372, E, 64, 0
1848381, F, 56, 64
1848383, C, 66, 63
1848409, F, 71, 64
1848409, F, 63, 64
1848417, C, 72, 59
1848422, C, 59, 62
1848454, F, 54, 64
1848458, F, 53, 64
1848492, E, 64, 127
1848507, C, 56, 32
1848509, C, 66, 41
1848523, F, 74, 64
1848544, E, 64, 0
1848599, E, 64, 127
1848645, C, 63, 55
1848645, C, 42, 32
1848648, E, 64, 0
1848651, F, 60, 64
1848668, C, 63, 45
1848668, E, 64, 0
1848676, F, 72, 64
1848685, E, 64, 0
1848744, F, 57, 64
1848846, F, 64, 64
1848846, F, 58, 64
1848869, C, 63, 16
1848878, C, 77, 64
1848882, E, 64, 127
1848948, F, 51, 64
1848951, C, 70, 66
1848960, F, 84, 64
1848978, E, 64, 127
1848985, F, 54, 64
1848990, F, 63, 64
1849038, C, 74, 47
1849315, F, 51, 64
1849315, F, 55, 64
1849427, C, 60, 46
1849435, C, 62, 51
1849435, C, 55, 63
1849673, E, 64, 0
1849695, E, 64, 127
1849730, F, 49, 64
1849757, E, 64, 127
1849773, C, 72, 55
1849785, C, 70, 65
1849804, F, 75, 64
1849816, F, 72, 64
1849861, C, 71, 51
1849860, C, 64, 56
1849865, F, 75, 64
1849876, E, 64, 0
1849896, F, 58, 64
1849910, F, 64, 64
1849939, E, 64, 127
1850047, F, 76, 64
1850051, E, 64, 0
1850074, E, 64, 127
1850104, C, 52, 51
1850109, C, 68, 41
1850109, C, 58, 45
1850134, E, 64, 127
1850205, F, 54, 64
1850209, F, 56, 64
1850208, F, 70, 64
1850240, E, 64, 0
1850259, F, 57, 64
1850277, E, 64, 127
1850319, F, 54, 64
1850298, C, 77, 55
1850302, E, 64, 0
1850301, F, 61, 64
1850302, E, 64, 127
1850342, E, 64, 0
1850349, C, 68, 71
1850349, C, 39, 59
1850357, E, 64, 127
1850544, E, 64, 127
1850625, F, 61, 64
1850641, F, 64, 64
1850683, C, 66, 70
1850683, C, 54, 67
1850683, F, 50, 64
1850706, C, 66, 69
1850713, C, 63, 64
1850798, C, 63, 70
1850799, C, 61, 77
1850810, E, 64, 127
1850816, F, 61, 64
1850836, E, 64, 127
1850881, E, 64, 0
1850890, E, 64, 127
1850991, C, 63, 53
1850995, C, 41, 70
1851006, E, 64, 127
1851122, F, 52, 64
1851127, F, 68, 64
1851149, C, 73, 67
1851149, C, 44, 62
1851149, C, 59, 47
1851159, F, 70, 64
1851183, E, 64, 127
1851207, E, 64, 0
1851214, F, 66, 64
1851221, F, 63	
