D0, 64
1101554, F, 51, 64
1101504, F, 64, 64
1101619, F, 44, 64
1101752, F, 50, 64
1101820, C, 52, 50
1101824, C, 53, 49
1101862, F, 52, 64
1101954, C, 48, 49
1101828, C, 76, 60
1101831, C, 61, 41
1101834, C, 59, 43
1101833, C, 62, 36
1101834, E, 64, 0
1101835, E, 64, 0
1101839, E, 64, 0
1101914, E, 64, 127
1101952, E, 64, 127
1102191, F, 50, 64
1102316, C, 44, 46
1102353, E, 64, 0
1102354, E, 64, 0
1102386, C, 52, 22
1102388, C, 64, 28
1102391, C, 65, 26
1102393, C, 56, 20
1102398, C, 58, 11
1102404, E, 64, 0
1102403, C, 75, 31
1102436, E, 64, 127
1102438, E, 64, 127
1102460, F, 68, 64
1102481, F, 66, 64
1102510, F, 66, 64
1102515, F, 63, 64
1102518, F, 56, 64
1102528, F, 68, 64
1102575, F, 76, 64
1102464, C, 76, 34
1102468, C, 47, 25
1102468, C, 61, 36
1102471, C, 52, 30
1102521, F, 60, 64
1102525, F, 66, 64
1102530, F, 54, 64
1102534, F, 44, 64
1102560, C, 63, 53
1102565, C, 44, 30
1102568, C, 58, 36
1102578, C, 43, 49
1102591, F, 63, 64
1102601, F, 75, 64
1102603, F, 56, 64
1102630, F, 63, 64
1102646, C, 40, 38
1102649, C, 44, 42
1102663, C, 59, 39
1102665, C, 68, 11
1102667, C, 59, 23
1102675, F, 74, 64
1102675, C, 58, 31
1102716, F, 58, 64
1102721, F, 68, 64
1102747, C, 69, 40
1102769, E, 64, 0
1102769, E, 64, 0
1102771, E, 64, 0
1102792, E, 64, 127
1102797, E, 64, 127
1102841, C, 75, 46
1102858, F, 54, 64
1102871, F, 63, 64
1102913, C, 66, 68
1102917, E, 64, 0
1102927, E, 64, 0
1102966, E, 64, 127
1102969, C, 47, 52
1102977, F, 51, 64
1102983, F, 44, 64
1102994, F, 44, 64
1102998, F, 46, 64
1110025, F, 60, 64
1110045, C, 39, 62
1110087, F, 66, 64
1110098, C, 54, 54
1110103, C, 75, 72
1110104, C, 49, 48
1110107, C, 56, 42
1110111, F, 66, 64
1110115, F, 75, 64
1110118, F, 70, 64
1110127, F, 84, 64
1110135, F, 80, 64
1110139, F, 53, 64
1110145, F, 56, 64
1110144, F, 70, 64
1110146, F, 65, 64
1110147, C, 84, 62
1110150, C, 84, 88
1110140, F, 75, 64
1110144, F, 68, 64
1110173, F, 76, 64
1110193, C, 90, 36
1110195, C, 44, 96
1110197, C, 78, 71
1110208, F, 77, 64
1110221, F, 82, 64
1110222, F, 77, 64
1110339, C, 78, 76
1110328, C, 75, 74
1110352, F, 85, 64
1110367, C, 75, 70
1110368, C, 77, 88
1110369, C, 70, 99
1110369, C, 68, 46
1110379, F, 72, 64
1110381, F, 72, 64
1110421, F, 39, 64
1110461, F, 54, 64
1110689, E, 64, 0
1110687, E, 64, 0
1110695, C, 76, 46
1110699, C, 73, 45
1110735, C, 75, 50
1110758, F, 76, 64
1110761, F, 76, 64
1110768, F, 75, 64
1110769, F, 75, 64
1110775, F, 70, 64
1110788, F, 75, 64
1110792, C, 78, 61
1110807, C, 77, 41
1110817, F, 80, 64
1110817, F, 63, 64
1110817, C, 76, 60
1110816, C, 73, 53
1110816, C, 75, 70
1110816, C, 62, 64
1110822, F, 66, 64
1110824, F, 68, 64
1110824, F, 75, 64
1110824, F, 57, 64
1110823, F, 68, 64
1110980, C, 79, 55
1110958, C, 75, 64
1111007, C, 73, 52
1111011, F, 76, 64
1111021, F, 66, 64
1111100, F, 80, 64
1111137, C, 75, 56
1111271, F, 70, 64
1111244, E, 64, 0
1111423, E, 64, 0
1111432, C, 78, 90
1111438, C, 80, 70
1111446, C, 71, 74
1111446, C, 79, 67
1111448, C, 58, 76
1111466, F, 68, 64
1111489, F, 80, 64
1111502, F, 46, 64
1111512, F, 36, 64
1111586, C, 73, 84
1111591, E, 64, 0
1111590, E, 64, 0
1111594, C, 75, 57
1111597, C, 74, 74
1111597, C, 75, 52
1111598, F, 70, 64
1111606, F, 62, 64
1111619, F, 60, 64
1111627, F, 83, 64
1111626, F, 68, 64
1111627, F, 44, 64
1111660, E, 64, 0
1111660, E, 64, 0
1111663, C, 44, 42
1111800, E, 64, 127
1111810, E, 64, 127
1111994, C, 44, 43
1112863, F, 68, 64
1112894, F, 71, 64
1112908, C, 54, 42
1112910, C, 44, 47
1112916, C, 71, 58
1112939, F, 78, 64
1112948, E, 64, 0
1112949, E, 64, 0
1112982, F, 76, 64
1112985, E, 64, 127
1112983, E, 64, 127
1113013, F, 44, 64
1113040, F, 68, 64
1113075, C, 56, 40
1113080, C, 44, 49
1113085, C, 53, 42
1113098, F, 67, 64
1113117, C, 57, 38
1113129, E, 64, 0
1113132, E, 64, 0
1113172, E, 64, 127
1113173, E, 64, 127
1113186, E, 64, 0
1113186, E, 64, 0
1113193, C, 54, 46
1113194, C, 71, 76
1113196, F, 73, 64
1113193, F, 73, 64
1113194, F, 76, 64
1113220, F, 78, 64
1113226, C, 76, 50
1113228, C, 79, 46
1113227, C, 62, 16
1113232, C, 66, 26
1113242, C, 54, 38
1113245, E, 64, 0
1113245, E, 64, 0
1113251, F, 78, 64
1113253, E, 64, 127
1113252, E, 64, 127
1113571, C, 76, 49
1113574, F, 54, 64
1113585, F, 54, 64
1113585, F, 54, 64
1113609, F, 54, 64
1113647, C, 62, 41
1113649, C, 54, 39
1113649, C, 76, 46
1113652, F, 67, 64
1113656, C, 75, 60
1113659, C, 64, 78
1113683, F, 56, 64
1113688, F, 61, 64
1113688, F, 56, 64
1113724, C, 75, 75
1113750, E, 64, 0
1113750, E, 64, 0
1113762, F, 81, 64
1113767, F, 68, 64
1113778, E, 64, 127
1113777, E, 64, 127
1113927, F, 70, 64
1113941, F, 64, 64
1113942, F, 35, 64
1113945, F, 53, 64
1113945, F, 52, 64
1113953, C, 54, 1
1113953, C, 75, 42
1113959, C, 44, 50
1113959, C, 51, 56
1113969, E, 64, 127
1113968, E, 64, 127
1114022, F, 44, 64
1114203, F, 63, 64
1114202, C, 68, 46
1114207, F, 76, 64
1114209, F, 59, 64
1114211, F, 64, 64
1114262, C, 78, 61
1114289, F, 64, 64
1114300, C, 66, 55
1114316, F, 61, 64
1114326, C, 41, 51
1114336, F, 37, 64
1114337, C, 76, 53
1114347, F, 79, 64
1114355, F, 58, 64
1114355, F, 70, 64
1114356, F, 56, 64
1114358, C, 65, 40
1114381, F, 84, 64
1114398, C, 73, 43
1114402, C, 44, 43
1114408, C, 73, 71
1114411, F, 39, 64
1114410, F, 68, 64
1114423, E, 64, 0
1114423, E, 64, 0
1114425, C, 76, 45
1114425, C, 76, 54
1114488, E, 64, 0
1114487, E, 64, 0
1114490, F, 8, 64
1114500, F, 75, 64
1114527, C, 75, 64
1114572, F, 78, 64
1114591, F, 56, 64
1114823, F, 81, 64
1114835, F, 68, 64
1114867, F, 81, 64
1114783, C, 73, 84
1115003, C, 88, 75
1115023, C, 77, 72
1115033, F, 83, 64
1115083, E, 64, 0
1115083, E, 64, 0
1115103, E, 64, 127
1115102, E, 64, 127
1115105, F, 76, 64
1115126, F, 39, 64
1115123, F, 54, 64
1115126, F, 63, 64
1115130, C, 59, 41
1115153, C, 39, 58
1115160, E, 64, 127
1115160, E, 64, 127
1115223, F, 55, 64
1115247, C, 74, 65
1115335, C, 74, 60
1115344, F, 77, 64
1115345, F, 70, 64
1115358, F, 78, 64
1115380, C, 78, 84
1115437, F, 66, 64
1115443, F, 39, 64
1115444, F, 53, 64
1115464, C, 70, 71
1115487, F, 69, 64
1115516, C, 68, 47
1115515, C, 44, 84
1115539, F, 68, 64
1115569, C, 60, 42
1115580, C, 39, 94
1115600, F, 68, 64
1115619, F, 60, 64
1115661, C, 76, 78
1115674, F, 75, 64
1115676, C, 52, 83
1115676, C, 39, 86
1115684, F, 75, 64
1115878, F, 68, 64
1115879, F, 68, 64
1115889, F, 54, 64
1115893, F, 60, 64
1115899, F, 59, 64
1115927, C, 83, 64
1115293, E, 64, 0
1115293, E, 64, 0
1115296, C, 75, 64
1115299, C, 58, 84
1115306, E, 64, 0
1115304, E, 64, 0
1115350, E, 64, 127
1115350, E, 64, 127
1115542, C, 61, 42
1115553, F, 68, 64
1115569, F, 70, 64
1115568, F, 64, 64
1115569, C, 80, 80
1115598, F, 75, 64
1115603, E, 64, 0
1115604, E, 64, 0
1115609, E, 64, 0
1115609, E, 64, 0
1115719, E, 64, 127
1115719, E, 64, 127
1115899, C, 52, 31
1115905, F, 37, 64
1115921, C, 80, 74
1115936, E, 64, 0
1115934, E, 64, 0
1115957, E, 64, 127
1115955, E, 64, 127
1115966, F, 75, 64
1115986, F, 76, 64
1115987, C, 68, 52
1116055, F, 76, 64
1116057, C, 73, 58
1116058, C, 66, 67
1116061, C, 77, 71
1116074, E, 64, 0
1116086, E, 64, 127
1115793, E, 64, 127
1115990, C, 42, 62
1118305, F, 68, 64
1118307, F, 66, 64
1118308, C, 50, 42
1118308, F, 77, 64
1118332, F, 42, 64
1118342, F, 56, 64
1118409, E, 64, 0
1118413, E, 64, 0
1118429, E, 64, 127
1118435, C, 44, 42
1118473, F, 37, 64
1118532, F, 56, 64
1118530, F, 63, 64
1118607, E, 64, 127
1118606, E, 64, 127
1118613, F, 54, 64
1118811, C, 54, 32
1118822, C, 54, 20
1118824, C, 52, 17
1118839, F, 52, 64
1118849, F, 69, 64
1118849, F, 66, 64
1118859, F, 80, 64
1118883, F, 88, 64
1118890, C, 70, 56
1118893, E, 64, 0
1118897, E, 64, 0
1118956, C, 44, 43
1118964, C, 68, 39
1118975, C, 79, 39
1118974, C, 68, 39
1118976, C, 63, 39
1118994, E, 64, 127
1118998, E, 64, 127
1119108, F, 73, 64
1119108, F, 75, 64
1119135, F, 75, 64
1119138, F, 76, 64
1119161, F, 73, 64
1119187, C, 80, 43
1119193, F, 84, 64
1119202, C, 81, 68
1119205, C, 81, 46
1119204, C, 59, 44
1119217, E, 64, 0
1119221, E, 64, 127
1119221, E, 64, 127
1119223, F, 59, 64
1119232, F, 45, 64
1119236, C, 85, 61
1119237, C, 76, 54
1119241, F, 75, 64
1119255, C, 83, 44
1119264, F, 76, 64
1119319, F, 83, 64
1119331, C, 86, 75
1119336, C, 80, 67
1119345, F, 75, 64
1119369, F, 68, 64
1119422, F, 76, 64
1119451, F, 65, 64
1128199, C, 83, 38
1128205, C, 89, 56
1128229, C, 78, 71
1128233, C, 44, 49
1128236, C, 78, 83
1128254, F, 86, 64
1128254, F, 71, 64
1128308, F, 75, 64
1128311, F, 66, 64
1128316, F, 59, 64
1128319, F, 73, 64
1128364, E, 64, 0
1128363, C, 56, 57
1128366, C, 52, 47
1128366, C, 70, 49
1128378, F, 64, 64
1128382, F, 59, 64
1128380, F, 61, 64
1128411, F, 52, 64
1128421, F, 77, 64
1128421, F, 80, 64
1128427, C, 78, 73
1128432, F, 80, 64
1128635, C, 49, 43
1128671, F, 82, 64
1128765, C, 63, 65
1128771, C, 51, 58
1128782, C, 52, 35
1128782, C, 52, 38
1128783, C, 66, 38
1128785, C, 68, 20
1128893, F, 61, 64
1128900, F, 76, 64
1128909, F, 76, 64
1128918, F, 59, 64
1128967, C, 64, 52
1128990, F, 64, 64
1129033, C, 78, 42
1129059, F, 71, 64
1129056, F, 76, 64
1129060, C, 44, 36
1129065, F, 70, 64
1129246, C, 67, 60
1129254, C, 54, 17
1129258, C, 69, 30
1129261, F, 70, 64
1129261, F, 54, 64
1129261, F, 68, 64
1129300, F, 37, 64
1129304, F, 60, 64
1129402, C, 69, 25
1129403, C, 76, 49
1129415, C, 80, 60
1129446, F, 80, 64
1129448, F, 74, 64
1129451, F, 47, 64
1129452, F, 53, 64
1129453, F, 56, 64
1129459, C, 79, 49
1129473, F, 78, 64
1129507, C, 76, 41
1129509, C, 68, 35
1129601, C, 70, 63
1129603, C, 68, 66
1129602, C, 75, 72
1129635, E, 64, 0
1129636, 	
