F, 77, 64, 075598, F, 82, 64
571377, C, 68, 63
571376, C, 61, 63
571383, C, 52, 48
571387, C, 63, 56
571396, C, 51, 49
571397, C, 53, 44
571398, E, 64, 0
571399, F, 75, 64
571399, E, 64, 127
571419, F, 61, 64
571433, F, 68, 64
571442, C, 72, 58
571442, C, 64, 55
571442, C, 56, 44
571447, C, 72, 54
571448, E, 64, 0
571449, C, 73, 63
571451, C, 63, 58
571547, C, 63, 50
571549, C, 60, 58
571549, C, 52, 58
751549, E, 64, 0
751577, E, 64, 127
751736, E, 64, 0
751798, E, 64, 127
752030, E, 64, 0
752042, F, 65, 64
752042, F, 67, 64
752048, C, 70, 50
752051, E, 64, 0
752051, E, 64, 0
752054, C, 77, 69
752090, C, 71, 62
752090, C, 64, 77
752093, C, 73, 68
752098, F, 81, 64
752116, E, 64, 0
752116, E, 64, 0
752152, F, 81, 64
752158, E, 64, 127
752237, E, 64, 0
752243, E, 64, 127
752332, C, 66, 58
752433, F, 66, 64
752435, F, 53, 64
752572, C, 72, 48
752570, C, 68, 66
752570, C, 57, 36
752575, C, 45, 15
752585, F, 60, 64
752590, F, 59, 64
752647, C, 72, 45
752731, F, 52, 64
752792, F, 55, 64
752790, F, 52, 64
752824, C, 73, 50
752854, F, 74, 64
752935, E, 64, 0
752936, E, 64, 0
752981, E, 64, 127
753015, E, 64, 127
753109, C, 58, 30
753143, C, 70, 44
753155, F, 79, 64
753195, E, 64, 0
753203, E, 64, 127
753334, C, 68, 36
753333, C, 55, 36
753350, C, 70, 28
753390, F, 53, 64
753403, F, 66, 64
753411, E, 64, 0
753430, C, 76, 46
753437, E, 64, 0
753470, F, 56, 64
753508, F, 58, 64
753511, F, 52, 64
753558, C, 69, 70
753570, F, 45, 64
753585, F, 57, 64
753616, F, 78, 64
753678, C, 68, 42
753684, F, 66, 64
753727, F, 87, 64
753780, F, 74, 64
753819, C, 68, 45
753835, C, 61, 39
753858, C, 93, 74
753857, F, 69, 64
753944, C, 53, 52
753957, E, 64, 0
753957, F, 53, 64
753959, F, 60, 64
753981, E, 64, 127
754049, E, 64, 127
754113, F, 59, 64
754122, F, 69, 64
754130, F, 64, 64
754134, F, 60, 64
754136, F, 59, 64
754177, C, 77, 40
754289, C, 79, 39
754400, F, 77, 64
754405, C, 64, 22
754424, F, 63, 64
754448, C, 68, 36
754450, C, 64, 16
754469, E, 64, 0
754474, E, 64, 0
754573, E, 64, 127
754867, E, 64, 127
754929, F, 64, 64
754929, F, 67, 64
754951, F, 54, 64
754951, F, 60, 64
755068, E, 64, 0
755241, E, 64, 127
755264, E, 64, 0
755334, E, 64, 0
755558, E, 64, 0
755557, C, 67, 62
755558, C, 58, 27
755557, C, 55, 44
755568, F, 66, 64
755623, F, 61, 64
755634, F, 41, 64
755750, C, 55, 29
755743, C, 65, 62
755760, F, 66, 64
755760, F, 55, 64
755787, C, 65, 29
755794, C, 45, 29
755796, F, 65, 64
755809, C, 48, 31
755826, F, 69, 64
755944, C, 65, 12
755945, F, 50, 64
755954, F, 79, 64
756088, C, 78, 28
756144, F, 86, 64
756245, C, 62, 12
756252, C, 60, 19
756257, C, 63, 15
756261, F, 73, 64
756297, C, 50, 105, 64, 64
1536075, F, 55, 64
1536041, F, 69, 64
1536247, C, 52, 24
1536247, C, 68, 27
1536248, F, 45, 64
1536264, F, 52, 64
1536321, C, 67, 24
1536372, E, 64, 0
1536372, E, 64, 0
1536419, E, 64, 127
1536419, E, 64, 127
1536552, F, 64, 64
1536561, C, 53, 49
1536561, C, 57, 40
1536598, F, 53, 64
1536617, C, 63, 37
1536665, E, 64, 0
1536665, E, 64, 0
1536695, E, 64, 127
1536696, E, 64, 127
1536726, C, 78, 57
1536740, C, 73, 67
1537690, F, 78, 64
1537695, F, 75, 64
1537721, C, 74, 68
1537737, E, 64, 127
1537737, E, 64, 127
1537739, F, 65, 64
1537756, F, 50, 64
1537763, F, 52, 64
1537793, C, 67, 54
1537793, C, 59, 52
1537813, F, 66, 64
1537921, F, 76, 64
1537927, C, 79, 49
1537926, C, 80, 61
1537932, C, 78, 64
1537940, F, 78, 64
1537995, C, 74, 81
1537995, C, 73, 93
1537995, C, 60, 44
1538002, E, 64, 127
1538000, E, 64, 127
1538003, F, 78, 64
1538035, C, 52, 56
1538073, F, 50, 64
1538079, F, 47, 64
1538078, F, 54, 64
1538078, F, 58, 64
1538087, F, 79, 64
1538095, C, 78, 62
1538095, C, 56, 65
1538099, C, 71, 65
1538104, E, 64, 0
1538104, E, 64, 0
1538143, E, 64, 127
1538143, E, 64, 127
1538256, F, 66, 64
1538260, F, 61, 64
1538266, C, 52, 46
1538274, C, 52, 30
1538278, C, 62, 27
1538305, C, 59, 44
1538307, F, 73, 64
1538318, C, 63, 41
1538321, C, 49, 38
1538338, E, 64, 0
1538338, E, 64, 0
1538343, F, 48, 64
1538345, E, 64, 127
1538351, E, 64, 127
1538435, E, 64, 127
1538436, E, 64, 127
1538482, C, 76, 53
1538523, F, 50, 64
1538523, F, 65, 64
1538525, F, 64, 64
1538654, F, 47, 64
1538840, C, 59, 23
1538849, C, 58, 18
1538851, C, 60, 29
1538924, F, 59, 64
1538931, F, 61, 64
1538941, F, 64, 64
1538947, C, 50, 43
1538951, F, 60, 64
1538964, E, 64, 0
1538964, E, 64, 0
1538996, E, 64, 127
1538996, E, 64, 127
1539013, C, 74, 46
1539029, F, 71, 64
1539037, F, 58, 64
1539045, E, 64, 0
1539045, E, 64, 0
1539119, E, 64, 127
1539119, E, 64, 127
1539233, F, 42, 64
1539256, C, 50, 23
1539275, C, 64, 38
1539280, C, 59, 50
1539288, C, 48, 30
1529388, C, 59, 39
1529410, F, 42, 64
1529466, E, 64, 0
1529466, E, 64, 0
1529467, F, 59, 64
1529469, E, 64, 127
1529470, E, 64, 127
1529511, C, 90, 60
1529518, F, 42, 64
1529572, F, 46, 64
1529612, C, 52, 42
1529699, F, 68, 64
1529700, C, 47, 39
1529713, E, 64, 0
1529717, E, 64, 0
1529732, F, 47, 64
1529740, F, 75, 64
1529748, E, 64, 127
1529749, E, 64, 127
1529871, F, 59, 64
1529885, C, 45, 42
1529896, C, 76, 52
1529899, C, 59, 30
1529899, C, 61, 46
1529903, F, 42, 64
1529920, C, 64, 44
1529935, F, 59, 64
1529938, F, 47, 64
1529973, F, 63, 64
1529984, F, 59, 64
1529989, C, 75, 58
1529990, C, 51, 46
1529997, F, 63, 64
1530012, F, 52, 64
1530025, F, 55, 64
1530071, F, 58, 64
1530135, C, 77, 61
1503210, C, 60, 30
1503214, C, 83, 75
1503217, C, 61, 62
1503265, F, 51, 64
1503275, F, 78, 64
1503278, E, 64, 0
1503278, E, 64, 0
1503281, F, 59, 64
1503285, E, 64, 127
1503285, E, 64, 127
1503415, F, 66, 64
1503451, F, 56, 64
1503451, F, 63, 64
1503451, F, 64, 64
1503502, C, 53, 32
1503511, C, 63, 49
1503542, F, 72, 64
1503533, C, 77, 53
1503565, F, 51, 64
1503632, E, 64, 0
1503633, E, 64, 0
1503648, E, 64, 127
1503648, E, 64, 127
1503649, F, 66, 64
1503656, F, 59, 64
1503672, F, 64, 64
1503701, F, 44, 64
1503760, E, 64, 0
1503762, E, 64, 0
1503813, E, 64, 127
1503813, E, 64, 127
1503817, C, 55, 31
1503875, F, 43, 64
1503880, F, 56, 64
1503896, F, 55, 64
1503908, C, 69, 53
1503918, F, 72, 64
1503940, F, 56, 64
1503956, C, 74, 58
1503970, C, 74, 43
1503981, E, 64, 127
1503982, E, 64, 0
1504019, E, 64, 127
1504018, E, 64, 127
1504041, F, 61, 64
1504062, E, 64, 0
1504062, E, 64, 0
1504088, E, 64, 127
1504088, E, 64, 127
1504125, C, 67, 38
1504201, C, 58, 30
1504210, C, 68, 46
1504216, F, 65, 64
1504224, F, 53, 64
1504256, C, 67, 38
1504263, C, 52, 38
1504275, F, 61, 64
1504282, C, 64, 43
1504283, C, 56, 38
1504308, E, 64, 127
1504307, E, 64, 127
1504316, F, 68, 64
1504326, F, 55, 64
1504330, F, 55, 64
1504362, C, 74, 41
1504387, F, 61, 64
1504449, C, 55, 29
1504462, C, 57, 33
1504466, E, 64, 0
1504466, E, 64, 0
1504466, E, 64, 127
1504466, E, 64, 127
1504558, F, 54, 64
1504567, F, 63, 64
1504568, C, 50, 31
1504569, C, 52, 44
1504576, C, 66, 46
1504588, E, 64, 0
1504588, E, 64, 0
1504595, F, 58, 64
1504600, E, 64, 127
1504608, E, 64, 127
1504681, C, 50, 30
1504690, E, 64, 0
1504692, E, 64, 0
1504697, E, 64, 127
1504697, E, 64, 127
1504727, C, 59, 35
1504731, C, 60, 24
1504747, E, 64, 0
1504747, E, 64, 0
1504810, E, 64, 127
1504813, E, 64, 127
1504850, F, 30, 64
1504881, F, 57, 64
1504884, F, 65, 64
1504896, F, 62, 64
1504902, C, 76, 50
1540812, C, 64, 39
1540819, E, 64, 0
1540819, E, 64, 0
1540828, F, 73, 64
1540844, E, 64, 127
1540847, E, 64, 127
1540901, E, 64, 0
1540901, E, 64, 0
1540904, C, 76, 86
1540905, C, 57, 38
1540924, F, 68, 64
1540941, C, 76, 53
1540943, E, 64, 0
1540943, E, 64, 0
1540943, F, 76, 64
1540947, E, 64, 127
1540947, E, 64, 127
1541027, F, 58, 64
1541101, C, 64, 38
1541102, C, 65, 44
1541125, F, 59, 64
1541188, C, 63, 42
1541187, C, 57, 43
1541187, C, 62, 42
1541187, C, 63, 42
1541198, E, 64, 127
1541198, E, 64, 127
1541248, C, 59, 21
1541236, C, 52, 31
1541251, F, 78, 64
1541306, C, 44, 20
1541334, F, 70, 64
1541423, C, 68, 40
1541427, C, 64, 20
1541427, C, 52, 28
1541462, C, 58, 30
1541492, F, 53, 64
1541497, F, 59, 64
1541498, F, 54, 64
1541529, C, 47, 25
1541528, C, 62, 28
1541530, C, 56, 26
1541531, C, 54, 28
1541557, F, 59, 64
1541574, F, 60, 64
1541669, C, 55, 27
1541670, C, 52, 39
1541722, C, 54, 15
1541729, C, 59, 23
1541744, E, 64, 127
1541744, E, 64, 127
1541770, F, 64, 64
1541770, F, 65, 64
1541780, F, 55, 64
1541786, F, 64, 64
1541800, C, 78, 43
1541816, F, 88, 64
1541857, C, 52, 41
1541866, F, 78, 64
1541945, C, 79, 43
1541981, F, 88, 64
1541987, F, 71, 64
1542059, C, 78, 55
1542089, F, 83, 64
1542105, E, 64, 0
1542105, E, 64, 0
1542111, C, 73, 58
1542117, E, 64, 0
1542117, E, 64, 0
1542126, F, 60, 64
1542152, E, 64, 127
1542155, E, 64, 127
1542219, C, 74, 66
1542235, E, 64, 0
1542235, E, 64, 0
1542244, E, 64, 127
1542246, E, 64, 127
1542270, F, 59, 64
1542281, F, 68, 64
1542283, F, 57, 64
1542358, C, 57, 41
1542408, C, 51, 29
1542415, E, 64, 0
1542415, E, 64, 0
1542460, E, 64, 127
1542460, E, 64, 127
1542483, F, 44, 64
1542566, C, 67, 46
1542572, F, 59, 64
1542573, C, 51, 43
1542585, F, 54, 64
1542609, C, 64, 45
1542608, C, 54, 41
1542621, E, 64, 0
1542621, E, 64, 0
1542668, E, 64, 127
1542681, E, 64, 127
1542694, F, 52, 64
1542848, C, 67, 42
1542849, F, 55, 64
1542903, E, 64, 0
1542900, E, 64, 0
1542988, E, 64, 127
1542988, E, 64, 127
1543165, C, 64, 46
1543166, C, 59, 46
1543173, E, 64, 0
1543173, E, 64, 0
1543199, E, 64, 127
1543199, E, 64, 127
1543206, F, 54, 64
1543209, F, 50, 64
1543223, C, 64, 47
1543225, C, 58, 38
1543228, C, 55, 20
1543233, E, 64, 127
1543234, E, 64, 127
1543238, F, 47, 64
1543253, F, 51, 64
1543263, F, 51, 64
1543268, F, 58, 64
1543276, C, 53, 37
1543299, C, 75, 41
1543399, C, 58, 28
1543434, C, 62, 23
1543434, C, 59, 13
1543452, E, 64, 127
1543462, E, 64, 127
1543482, F, 66, 64
1543490, F, 51, 64
1543535, C, 43, 41
1543739, F, 55, 64
1543748, F, 55, 64
1543758, F, 61, 64
1543829, F, 42, 64
1543835, E, 64, 0
1543837, E, 64, 0
1543841, C, 50, 38
1543848, C, 47, 38
1543863, E, 64, 127
1543863, E, 64, 127
1543941, F, 55, 64
1543952, F, 60, 64
1543952, F, 64, 64
1543953, C, 73, 57
1543956, C, 63, 37
1543956, C, 49, 12
1543956, C, 64, 21
1543960, C, 58, 12
1543970, C, 63, 54
1543965, E, 64, 0
1543965, E, 64, 0
1543985, E, 64, 127
1543987, E, 64, 127
1551005, F, 43, 64
1551002, C, 59, 47
1551021, E, 64, 0
1551022, E, 64, 127
1551025, E, 64, 0
1551060, E, 64, 127
1551174, C, 60, 48
1551179, E, 64, 0
1551181, E, 64, 0
1551201, E, 64, 127
1551220, E, 64, 127
1551263, C, 76, 43
1551270, E, 64, 0
1551294, E, 64, 127
1551338, C, 00, 56
1551351, C, 47, 26
1551353, C, 80, 51
5152493, E, 64, 127
1551448, F, 54, 64
1551471, F, 75, 64
1551501, C, 59, 36
1551513, F, 72, 64
1551561, C, 71, 54
1551570, F, 73, 64
1551571, F, 76, 64
1551607, C, 46, 39
1551726, C, 61, 26
1556209, C, 59, 25
1556216, E, 64, 0
1556235, E, 64, 127
1556273, F, 75, 64
1556323, F, 55, 64
1556326, F, 59, 64
1556327, F, 64, 64
1556330, C, 64, 30
1563533, C, 56, 26
1563534, C, 63, 21
1563539, C, 52, 36
1563562, F, 60, 64
1563562, F, 52, 64
1563663, E, 64, 0
1563675, E, 64, 127
1563708, F, 64, 64
1563774, F, 60, 64
1563815, C, 57, 31
1563818, C, 54, 28
1563836, E, 64, 0
1563839, E, 64, 127
1563923, F, 47, 64
1563924, F, 57, 64
1563927, F, 57, 64
1563933, F, 62, 64
1564032, F, 62, 64
1564052, C, 64, 60
1564054, C, 43, 52
1564077, E, 64, 0
1564078, E, 64, 0
1564110, E, 64, 127
1564110, E, 64, 127
1564152, F, 42, 64
1564192, C, 59, 52
1564195, C, 57, 44
1564197, C, 54, 48
1564204, C, 51, 42
1564210, F, 71, 64
1564293, E, 64, 127
1564391, C, 75, 54
1564401, E, 64, 127
1564413, F, 63, 64
1564413, F, 64, 64
1564414, F, 52, 64
1564417, F, 56, 64
1564421, E, 64, 0
1564421, E, 64, 0
1564539, E, 64, 127
1564550, E, 64, 127
1564629, F, 61, 64
1564627, F, 63, 64
1564640, E, 64, 0
1564640, E, 64, 0
1564651, F, 47, 64
1564655, E, 64, 127
1564655, E, 64, 127
1564755, C, 64, 45
1564759, F, 63, 64
1564768, C, 47, 49
1564800, F, 49, 64
1568400, C, 68, 55
1568426, F, 64, 64
1568471, F, 57, 64
1568474, C, 57, 54
1568480, F, 61, 64
1568482, F, 66, 64
1568491, F, 61, 64
1568512, E, 64, 0
1568596, E, 64, 127
1568614, F, 54, 64
1568617, F, 59, 64
1568700, C, 45, 58
1568805, F, 73, 64
1568818, C, 78, 66
1568819, C, 42, 63
1568895, C, 78, 58
1568915, F, 47, 64
1568915, E, 64, 0
1568915, E, 64, 0
1569027, E, 64, 127
1569069, E, 64, 127
1569122, F, 42, 64
1569218, F, 65, 64
1569248, F, 54, 64
1569471, C, 64, 42
1569480, C, 55, 42
1569486, C, 61, 28
1569486, C, 52, 28
1569489, C, 60, 26
1569506, E, 64, 127
1569547, E, 64, 0
1569564, E, 64, 127
1569615, C, 65, 102
1569811, F, 64, 64
1569818, F, 47, 64
1569823, F, 47, 64
1569873, C, 68, 49
1569878, C, 77, 62
1569878, C, 47, 56
1569881, C, 67, 54
1569887, C, 75, 67
1569887, C, 65, 65
1569887, C, 64, 58
1569887, C, 54, 32
1569911, C, 60, 47
1569913, C, 56, 50
1569916, F, 63, 64
1569919, C, 54, 46
1569980, E, 64, 0
1569993, C, 65, 17
1569993, C, 65, 49
1569995, F, 56, 64
1569996, F, 61, 64
1570024, F, 51, 64
1570041, F, 47, 64
1570050, F, 52, 64
1570071, C, 64, 63
1570097, C, 56, 53
1570101, C, 61, 68
1570105, C, 52, 67
1570107, C, 57, 71
1570107, C, 50, 40
1570131, F, 68, 64
1570135, F, 50, 64
1570190, C, 54, 58
1570194, C, 63, 45
1570218, F, 64, 64
1570237, E, 64, 0
1570238, E, 64, 0
1570255, E, 64, 127
1570261, E, 64, 127
1570303, F, 47, 64
1570321, C, 54, 49
1570336, F, 66, 64
1570338, F, 47, 64
1570350, E, 64, 0
1570366, E, 64, 127
1570452, F, 71, 64
1570452, F, 63, 64
1570453, F, 64, 64
1570456, F, 66, 64
1570479, F, 47, 64
1570495, F, 64, 64
1570500, F, 83, 64
1570507, C, 64, 33
1570521, C, 42, 50
1570586, F, 83, 64
1570602, F, 64, 64
1570620, F, 63, 64
1570631, F, 68, 64
1570637, C, 54, 46
1570701, C, 68, 58
1570707, C, 64, 56
1570709, C, 66, 59
1570717, C, 85, 66
1570717, C, 70, 75
1570717, C, 61, 71
1570750, C, 71, 71
1570764, F, 75, 64
1570768, F, 75, 64
1570777, E, 64, 127
1570812, F, 54, 64
1570825, F, 64, 64
1570851, F, 64, 64
1570896, C, 63, 60
1570921, E, 64, 0
1570922, E, 64, 0
1570927, F, 48, 64
1570930, F, 61, 64
1570930, E, 64, 127
1570980, E, 64, 0
1571000, F, 55, 64
1571005, F, 64, 64
1571009, F, 42, 64
1571018, C, 47, 59
1571035, F, 78, 64
1571095, C, 78, 62
1571099, F, 75, 64
1571112, C, 75, 65
1571114, C, 68, 62
1571114, C, 37, 48
1571122, C, 54, 46
1571134, F, 66, 64
1571146, E, 64, 127
1571161, E, 64, 0
1571161, C, 56, 62
1571191, E, 64, 0
1571202, E, 64, 127
1571205, F, 47, 64
1571307, C, 75, 66
1571314, C, 63, 54
1571315, C, 35, 47
1571316, C, 71, 58
1571338, F, 73, 64
1571338, C, 72, 46
1571338, E, 64, 0
1571345, C, 63, 58
1571352, F, 68, 64
1571353, C, 64, 41
1571361, F, 76, 64
1571417, F, 63, 64
1571418, F, 70, 64
1571420, C, 68, 35
1571439, F, 71, 64
1571498, F, 51, 44
1571499, F, 42, 64
1571514, C, 64, 26
1571516, E, 64, 0
1571609, E, 64, 127
1571634, F, 42, 64
1571643, F, 54, 64
1571646, F, 61, 64
1571647, F, 61, 64
1571647, C, 64, 57
1571655, C, 42, 56
1571659, F, 71, 64
1571771, F, 75, 64
1571805, C, 76, 64
1571836, F, 77, 64
1571837, F, 76, 64
1571839, E, 64, 127
1571839, F, 64, 64
1571873, F, 70, 64
1571877, F, 75, 64
1571879, F, 61, 64
1571922, F, 76, 64
1571923, F, 78, 64
1571956, C, 78, 56
1571956, E, 64, 0
1571959, C, 75, 65
1571992, F, 78, 64
1572095, C, 63, 52
1572097, C, 59, 56
1572105, F, 68, 64
1572137, E, 64, 0
1572144, F, 71, 64
1572144, E, 64, 127
1572286, F, 47, 64
1572353, F, 75, 64
1572429, F, 47, 64
1572460, E, 64, 0
1572461, E, 64, 0
1572490, F, 71, 64
1572514, C, 75, 58
1572515, C, 64, 58
1572521, C, 75, 76
1572522, C, 68, 63
1572523, C, 59, 49
1572531, F, 32, 64
1572532, C, 63, 63
1572535, C, 52, 62
1572535, C, 44, 50
1572558, E, 64, 0
1572565, E, 64, 0
1572571, F, 61, 64
1572581, F, 54, 64
1572659, E, 64, 127
1572659, E, 64, 127
1573236, C, 59, 45
1573243, F, 50, 64
1573263, C, 59, 49
1573262, C, 49, 42
1573262, C, 75, 62
1573321, F, 75, 64
1573322, F, 71, 64
1573323, F, 68, 64
1573375, C, 93, 32
1573397, F, 71, 64
1573405, F, 54, 64
1573523, C, 42, 34
1573527, C, 75, 52
1573528, C, 64, 45
1573535, E, 64, 0
1573538, C, 44, 61
1573542, E, 64, 127
1573557, E, 64, 0
1573560, F, 52, 64
1573564, F, 59, 64
1573575, E, 64, 127
1573627, C, 44, 50
1573652, E, 64, 127
1573663, C, 64, 49
1573663, C, 61, 58
1573667, C, 59, 47
1573685, E, 64, 0
1573891, E, 64, 127
1573901, E, 64, 127
1573990, C, 68, 61
1573991, C, 51, 40
1573997, F, 55, 64
1574007, F, 44, 64
1574025, F, 65, 64
1574172, C, 67, 44
1574176, C, 59, 27
1574179, C, 56, 19
1574182, C, 64, 27
1574188, F, 70, 64
1574192, C, 54, 28
1574193, F, 62, 64
1574198, F, 71, 64
1574232, F, 73, 64
1574233, C, 62, 34
1574245, C, 68, 58
1574270, C, 64, 49
1574276, F, 71, 64
1574277, E, 64, 0
1574304, E, 64, 0
1574305, E, 64, 127
1574319, E, 64, 127
1574398, C, 72, 46
1574534, F, 64, 64
1574545, C, 73, 59
1574565, F, 69, 64
1574611, C, 70, 58
1574620, F, 68, 64
1574637, F, 75, 64
1574746, C, 68, 32
1574793, C, 75, 48
1574782, C, 57, 44
1574788, E, 64, 0
1574793, F, 75, 64
1574832, E, 64, 127
1574870, F, 63, 64
1574870, F, 54, 64
1574873, C, 66, 45
1574880, F, 76, 64
1579417, C, 47, 23
1579450, C, 42, 11
1579455, E, 64, 0
1579462, C, 63, 36
1579463, C, 56, 39
1579490, E, 64, 127
1579522, F, 77, 64
1579551, F, 47, 64
1579558, F, 71, 64
1579561, F, 54, 64
1579577, F, 64, 64
1579598, F, 88, 64
1579610, E, 64, 0
1579669, E, 64, 127
1579702, C, 85, 66
1579709, C, 61, 70
1579710, C, 78, 72
1579710, C, 66, 54
1579712, C, 60, 70
1579712, C, 57, 47
1579712, C, 48, 55
1579717, E, 64, 0
1579719, F, 78, 64
1579736, F, 65, 64
1579737, F, 80, 64
1579738, F, 64, 64
1579756, F, 47, 64
1579760, E, 64, 127
1579806, F, 63, 64
1579806, F, 49, 64
1579842, F, 50, 64
1579843, F, 47, 64
1579844, F, 42, 64
1579847, F, 51, 64
1579864, F, 61, 64
1579876, F, 64, 64
1579877, F, 47, 64
1579886, F, 48, 64
1579893, C, 71, 69
1579904, C, 68, 53
1579919, E, 64, 0
1579921, E, 64, 127
1580029, F, 61, 64
1580032, F, 69, 64
1580035, F, 70, 64
1580096, C, 66, 56
1580102, C, 66, 62
1580103, C, 63, 62
1580103, C, 59, 58
1580106, F, 60, 64
1580106, F, 61, 64
1580118, F, 71, 64
1580152, F, 52, 64
1580172, C, 57, 64
1580174, C, 59, 56
1580173, C, 42, 72
1580181, F, 70, 64
1580186, E, 64, 0
1580198, F, 75, 64
1580224, F, 47, 64
1580230, F, 51, 64
1580272, C, 63, 70
1580273, C, 54, 53
1580304, F, 71, 64
1580313, F, 58, 64
1580313, F, 61, 64
1580329, F, 51, 64
1580337, F, 63, 64
1580411, F, 61, 64
1580417, F, 61, 64
1580463, C, 61, 58
1580473, F, 63, 64
1580545, C, 66, 60
1580558, C, 54, 39
1580561, C, 59, 71
1580564, F, 59, 64
1580564, F, 64, 64
1580564, F, 75, 64
1580570, C, 75, 73
1580571, C, 64, 50
1580572, C, 54, 40
1580572, C, 47, 50
1580580, E, 64, 0
1580592, F, 58, 64
1580596, E, 64, 127
1580734, F, 54, 64
1580734, F, 54, 64
1580733, F, 63, 64
1580793, C, 47, 66
1580794, C, 54, 52
1580823, F, 54, 64
1580828, F, 58, 64
1580892, E, 64, 0
1580892, E, 64, 127
1580965, C, 70, 49
1580966, C, 44, 9
1580983, E, 64, 127
1580986, F, 66, 64
1580986, C, 68, 48
1580987, C, 57, 44
1580993, C, 61, 46
1580995, C, 47, 57
1581013, F, 52, 64
1581043, E, 64, 127
1581163, F, 59, 64
1581163, F, 63, 64
1581170, F, 47, 64
1581170, F, 61, 64
1581211, E, 64, 0
1581223, C, 68, 62
1581231, C, 56, 53
1581234, F, 73, 64
1581245, F, 51, 64
1581248, F, 59, 64
1581258, C, 75, 63
1581267, F, 71, 64
1581289, C, 75, 62
1581295, F, 63, 64
1581303, F, 66, 64
1581314, C, 80, 70
1581340, C, 92, 78
1581365, F, 69, 64
1581368, E, 64, 0
1581384, F, 70, 64
1581388, E, 64, 127
1581521, C, 76, 43
1581525, C, 48, 27
1581525, E, 64, 0
1581544, E, 64, 127
1581613, C, 70, 44
1581629, F, 75, 64
1581635, F, 76, 64
1581662, C, 72, 41
1581673, F, 50, 64
1581738, F, 70, 64
1581759, C, 54, 27
1581781, C, 69, 49
1581791, C, 62, 41
1581854, F, 47, 64
1581862, E, 64, 0
1581880, F, 64, 64
1581912, E, 64, 127
1581929, C, 63, 47
1581930, C, 61, 38
1581970, F, 42, 64
1582064, F, 70, 64
1582088, C, 78, 52
1582099, F, 71, 64
1582117, C, 76, 51
1582141, F, 75, 64
1582140, C, 78, 41
1582140, C, 66, 50
1582141, C, 58, 34
1582142, C, 64, 11
1582145, F, 75, 64
1582151, F, 71, 64
1582180, F, 47, 64
1582180, F, 68, 64
1582405, C, 54, 27
1582430, F, 66, 64
1582438, C, 54, 38
1582439, C, 50, 24
1582503, E, 64, 0
1582534, F, 52, 64
1582560, E, 64, 0
1582595, E, 64, 127
1582728, C, 47, 49
1582755, E, 64, 0
1582792, C, 51, 46
1582793, C, 65, 51
1582800, E, 64, 0
1582803, E, 64, 0
1582819, E, 64, 127
1582870, E, 64, 127
1582979, F, 51, 64
1583008, F, 61, 64
1583030, E, 64, 0
1583092, E, 64, 127
1583100, F, 59, 64
1583188, E, 64, 0
1583197, C, 35, 39
1583199, C, 59, 44
1583231, C, 54, 36
1583243, C, 57, 17
1583262, E, 64, 0
1583284, E, 64, 127
1583329, E, 64, 0
1583334, F, 70, 64
1583340, E, 64, 127
1583356, C, 56, 31
1583370, F, 73, 64
1583426, C, 59, 26
1583432, F, 61, 64
1583434, F, 65, 64
1583436, F, 60, 64
1583441, F, 56, 64
1583446, C, 54, 36
1583495, C, 59, 32
1583502, C, 58, 34
1583503, C, 47, 36
1583513, C, 39, 32
1583528, F, 81, 64
1583533, F, 73, 64
1583535, C, 72, 41
1583538, C, 68, 36
1583578, E, 64, 0
1583717, F, 51, 64
1583831, C, 73, 49
1583846, E, 64, 0
1583864, C, 78, 50
1583865, C, 79, 59
1583869, F, 59, 64
1583876, F, 67, 64
1583927, E, 64, 0
1583927, E, 64, 0
1583940, E, 64, 127
1583976, C, 75, 58
1583987, C, 46, 47
1584015, F, 74, 64
1584158, C, 76, 49
1584169, F, 79, 64
1584233, C, 71, 58
1584236, C, 57, 39
1584237, C, 54, 20
1584244, C, 59, 41
1584271, E, 64, 0
1584282, E, 64, 127
1584363, C, 68, 56
1584380, F, 71, 64
1584409, F, 58, 64
1584517, F, 61, 64
1584519, F, 59, 64
1584522, F, 66, 64
1584537, F, 51, 64
1584572, C, 35, 50
1584584, C, 54, 56
1584589, C, 59, 41
1584605, E, 64, 0
1584637, F, 51, 64
1584650, E, 64, 127
1584681, F, 58, 64
1584877, E, 64, 0
1584928, E, 64, 127
1584968, C, 54, 27
1584984, C, 57, 28
1584989, C, 51, 26
1585040, F, 63, 64
1585049, C, 54, 12
1585068, F, 54, 64
1585114, F, 52, 64
1585138, E, 64, 0
1585143, E, 64, 127
1585214, C, 64, 37
1585215, C, 63, 31
1585334, F, 59, 64
1585347, F, 61, 64
1585358, F, 59, 64
1585376, F, 63, 64
1585398, E, 64, 0
1585492, E, 64, 127
1585590, F, 57, 64
1585592, F, 54, 64
1585709, C, 64, 19
1585739, E, 64, 0
1585760, F, 58, 64
1585760, E, 64, 127
1585775, F, 61, 64
1585776, F, 65, 64
1585814, C, 54, 37
1585815, C, 64, 52
1585831, F, 68, 64
1585833, F, 62, 64
1585838, C, 47, 36
1585885, C, 68, 46
1585892, C, 61, 36
1585901, E, 64, 0
1585945, E, 64, 0
1585950, E, 64, 127
1586046, C, 72, 54
1586046, C, 64, 19
1586060, C, 43, 37
1586831, 1, 69, 64
1586824, F, 76, 64
1586857, F, 51, 64
1586992, C, 67, 51
1587018, E, 64, 0
1587052, C, 76, 64
1587052, C, 72, 72
1587052, C, 64, 41
1587053, C, 54, 39
1587065, C, 54, 30
1587067, C, 54, 41
1587119, F, 64, 64
1587130, C, 64, 47
1587134, C, 61, 51
1587159, E, 64, 127
1587175, E, 64, 0
1587195, E, 64, 127
1587631, F, 58, 64
1587635, F, 59, 64
1587636, F, 46, 64
1587690, C, 75, 63
1587697, C, 63, 51
1587698, C, 64, 42
1587701, C, 70, 55
1587788, E, 64, 0
1587937, E, 64, 127
1588106, F, 47, 64
1588126, F, 51, 64
1588129, F, 53, 64
1588129, F, 56, 64
1588129, F, 54, 64
1588147, F, 34, 64
1588191, C, 55, 36
1588215, F, 75, 64
1588228, E, 64, 0
1588246, E, 64, 127
1588539, E, 64, 0
1588589, E, 64, 0
1588605, F, 51, 64
1588610, F, 63, 64
1588623, F, 51, 64
1588634, E, 64, 127
1588700, C, 71, 32
1588747, F, 68, 64
1588749, F, 54, 64
1588782, C, 75, 52
1588795, C, 68, 51
1588834, F, 71, 64
1588870, C, 56, 48
1588870, C, 58, 38
1588871, F, 66, 64
1588879, F, 54, 64
1588881, F, 64, 64
1588899, C, 55, 26
1588914, F, 73, 64
1589050, C, 75, 42
1589059, C, 68, 39
1589063, E, 64, 127
1589065, C, 59, 32
1589065, C, 58, 46
1589077, F, 54, 64
1589083, F, 56, 64
1589086, F, 57, 64
1589108, C, 47, 44
1589111, C, 66, 45
1589112, C, 63, 52
1589117, C, 60, 55
1589123, F, 54, 64
1589130, C, 70, 59
1589134, C, 75, 53
1589134, C, 61, 58
1589153, F, 76, 64
1589156, C, 61, 54
1589200, F, 67, 64
1589219, C, 56, 32
1589219, C, 56, 21
1589223, C, 64, 25
1589234, E, 64, 0
1589242, E, 64, 127
1589249, F, 63, 64
1589264, F, 59, 64
1589269, F, 57, 64
1589269, F, 65, 64
1589269, F, 55, 64
1589276, F, 68, 64
1589357, C, 63, 53
1589359, C, 47, 51
1589361, C, 75, 52
1589365, C, 57, 46
1589370, E, 64, 0
1589373, F, 75, 64
1589388, E, 64, 127
1589555, F, 52, 64
1589559, F, 64, 64
1589569, F, 66, 64
1589602, C, 68, 52
1589609, C, 59, 49
1589614, C, 71, 43
1589616, F, 61, 64
1589629, F, 51, 64
1589637, F, 54, 64
1589639, F, 66, 64
1589651, F, 59, 64
1589681, C, 50, 50
1589690, C, 68, 46
1589691, C, 47, 46
1589700, C, 63, 49
1589701, C, 63, 49
1589717, F, 55, 64
1589743, F, 55, 64
1589758, F, 55, 64
1589762, C, 66, 70
1589774, E, 64, 127
1589800, F, 41, 64
1589802, F, 52, 64
1589807, F, 66, 64
1589921, E, 64, 0
1589929, E, 64, 0
1589929, C, 66, 71
1598930, C, 75, 66
1598933, C, 38, 72
1598929, F, 70, 64
1598930, E, 64, 0
1598886, F, 75, 64
1598915, F, 66, 64
1598943, E, 64, 127
1598970, C, 49, 38
1598971, C, 57, 36
1598976, C, 74, 41
1598985, C, 66, 45
1598987, C, 59, 31
1598987, C, 64, 46
1599005, E, 64, 127
1599021, F, 64, 64
1599052, C, 54, 42
1599053, C, 64, 42
1599060, C, 63, 50
1599064, C, 68, 67
1599069, F, 64, 64
1599092, F, 54, 64
1599095, F, 67, 64
1599156, C, 68, 62
1599161, F, 71, 64
1599162, F, 71, 64
1599178, F, 54, 64
1599179, C, 54, 49
1599213, F, 64, 64
1599241, C, 64, 54
1599266, E, 64, 0
1599268, F, 61, 64
1599270, E, 64, 127
1599298, F, 54, 64
1599298, F, 63, 64
1599298, F, 58, 64
1599299, C, 52, 77
1599302, C, 64, 72
1598332, F, 66, 64
1598334, F, 54, 64
1598411, C, 59, 62
1598416, C, 64, 44
1598416, C, 55, 47
1598421, C, 47, 43
1598436, F, 80, 64
1598480, F, 53, 64
1598509, C, 71, 52
1598509, C, 51, 27
1598518, C, 56, 22
1598525, E, 64, 0
1598525, C, 65, 46
1598526, C, 54, 16
1598529, C, 59, 33
1598530, C, 66, 49
1598540, F, 71, 64
1598565, E, 64, 0
1598655, F, 35, 64
1598656, E, 64, 127
1598703, E, 64, 0
1598733, C, 61, 94
1598740, C, 66, 70
1598752, F, 68, 64
1598750, F, 59, 64
1598750, F, 63, 64
1598966, C, 63, 69
1598968, C, 63, 63
1598977, F, 47, 64
1598978, C, 55, 51
1599004, C, 61, 50
1599005, C, 56, 50
1599006, C, 59, 50
1599009, C, 54, 54
1599037, F, 54, 64
1599038, F, 68, 64
1599053, C, 66, 72
1599067, E, 64, 0
1599095, F, 50, 64
1599099, E, 64, 127
1599135, F, 66, 64
1599135, F, 57, 64
1599143, F, 71, 64
1599144, F, 66, 64
1599149, C, 64, 55
1599153, C, 42, 57
1599157, C, 63, 62
1599188, F, 46, 64
1599216, F, 54, 64
1599228, C, 35, 52
1599238, C, 52, 41
1599245, E, 64, 0
1599263, E, 64, 127
1599323, F, 59, 64
1599332, C, 75, 63
1599337, F, 59, 64
1599358, F, 68, 64
1599363, C, 66, 62
1599385, F, 54, 64
1599388, C, 64, 48
1599389, C, 68, 40
1599391, E, 64, 0
1599397, E, 64, 127
1599424, C, 70, 69
1599424, C, 55, 46
1599426, C, 56, 53
1599426, C, 32, 62
1599426, C, 52, 51
1599430, C, 75, 62
1599432, C, 75, 66
1599443, F, 71, 64
1599456, F, 63, 64
1599626, C, 76, 79
1599653, F, 54, 64
1599652, C, 59, 75
1599697, F, 59, 64
1599698, F, 75, 64
1599778, F, 57, 64
1599790, F, 55, 64
1599793, F, 52, 64
1599838, C, 53, 67
1599840, C, 54, 33
1599826, F, 61, 64
1599876, E, 64, 127
1599884, C, 66, 64
1599885, C, 59, 64
1599907, F, 71, 64
1599898, F, 57, 64
1599913, C, 60, 58
1599921, F, 47, 64
1599924, E, 64, 0
1599948, E, 64, 127
1599956, F, 64, 64
1599956, F, 57, 64
1599963, F, 61, 64
1599964, C, 59, 51
1599976, C, 69, 70
1599976, F, 66, 64
1599966, F, 66, 64
1599997, C, 54, 41
1599997, C, 59, 52
1599999, C, 59, 36
1599997, C, 47, 40
1599998, C, 56, 27
1600014, F, 55, 64
1600050, F, 55, 64
1600051, F, 63, 64
1600073, C, 44, 64
1600082, E, 64, 0
1600094, E, 64, 127
1600141, C, 61, 63
1600145, C, 73, 62
1600168, F, 60, 64
1600181, F, 62, 64
1600190, F, 62, 64
1600199, E, 64, 127
1600212, F, 42, 64
1600326, C, 76, 58
1600361, F, 71, 64
1600524, C, 54, 57
1600530, C, 73, 58
1600546, F, 77, 64
1600558, E, 64, 0
1600568, F, 60, 64
1600583, E, 64, 127
1600584, E, 64, 127
1600590, F, 62, 64
1600603, C, 67, 52
1600603, C, 55, 46
1600604, C, 67, 43
1600604, C, 54, 54
1600644, F, 65, 64
1600758, F, 51, 64
1600754, E, 64, 0
1600768, E, 64, 127
1600826, E, 64, 0
1600843, C, 63, 47
1600843, C, 59, 38
1600869, F, 58, 64
1600879, F, 63, 64
1600895, F, 64, 64
1600897, E, 64, 127
1601199, F, 47, 64
1601225, C, 66, 47
1601229, C, 63, 55
1601229, C, 63, 58
1601247, E, 64, 0
1601249, F, 73, 64
1601332, F, 55, 64
1601339, F, 62, 64
1601339, F, 59, 64
1601371, C, 58, 56
1601374, C, 70, 59
1601374, C, 77, 54
1601379, C, 62, 58
1601391, F, 59, 64
1601392, F, 54, 64
1601391, F, 52, 64
1601396, F, 64, 64
1601396, F, 62, 64
1601413, E, 64, 0
1601415, C, 66, 61
1601416, C, 45, 56
1601433, C, 62, 56
1601455, E, 64, 0
1601479, F, 54, 64
1601479, F, 61, 64
1601488, F, 42, 64
1601513, F, 64, 64
1601514, F, 63, 64
1601635, C, 69, 63
1601625, C, 74, 62
1601626, C, 65, 63
1601634, E, 64, 0
1601638, E, 64, 0
1601651, F, 68, 64
1601678, F, 48, 64
1601678, E, 64, 127
1601699, E, 64, 127
1602003, F, 45, 64
1602014, F, 56, 64
1602016, F, 62, 64
1602018, F, 58, 64
1602035, C, 65, 67
1602045, C, 44, 67
1602046, C, 61, 43
1602055, C, 76, 59
1602072, F, 62, 64
1602127, E, 64, 0
1602149, E, 64, 127
1602228, E, 64, 127
1602270, F, 61, 64
1602364, C, 58, 56
1602366, C, 60, 52
1602367, C, 63, 50
1602383, F, 57, 64
1602391, F, 58, 64
1602397, F, 69, 64
1602421, F, 56, 64
1602135, F, 61, 64
1602137, F, 59, 64
1602147, F, 57, 64
1602162, F, 47, 64
1602175, F, 60, 64
1602175, F, 51, 64
1602180, C, 72, 63
1602181, C, 67, 69
1602181, C, 69, 63
1602186, C, 48, 44
1602189, C, 65, 64
1602215, F, 63, 64
1602217, F, 67, 64
1602241, F, 63, 64
1602243, F, 51, 64
1602324, C, 67, 63
1602372, F, 70, 64
1602389, E, 64, 0
1602399, C, 50, 44
1602404, C, 71, 63
1602439, F, 75, 64
1602505, C, 63, 65
1602506, C, 61, 63
1602508, C, 58, 52
1602508, C, 55, 39
1602508, C, 59, 35
1602509, C, 61, 46
1602509, E, 64, 0
1602511, E, 64, 0
1602514, E, 64, 0
1602523, F, 54, 64
1602573, E, 64, 127
1602746, E, 64, 127
1602796, F, 59, 64
1602795, F, 63, 64
1602799, F, 56, 64
1603040, C, 54, 51
1603052, F, 71, 64
1603053, C, 61, 46
1603053, C, 34, 69
1603054, C, 65, 62
1603059, C, 64, 69
1603065, E, 64, 0
1603077, E, 64, 0
1603091, E, 64, 127
1603094, E, 64, 127
1603146, F, 48, 64
1603153, F, 72, 64
1603171, C, 65, 34
1603171, C, 62, 57
1603174, C, 59, 40
1603174, C, 63, 44
1603175, C, 77, 48
1603180, F, 70, 64
1603211, F, 51, 64
1603216, F, 63, 64
1603216, F, 59, 64
1603225, C, 56, 54
1603226, C, 55, 36
1603228, C, 47, 52
1603268, E, 64, 0
1603273, F, 74, 64
1603278, E, 64, 0
1603287, E, 64, 127
1603306, E, 64, 127
1603316, F, 59, 64
1603321, F, 56, 64
1603345, C, 62, 41
1603348, C, 67, 56
1603365, F, 72, 64
1603365, F, 62, 64
1603367, F, 65, 64
1603370, F, 62, 64
1603391, F, 64, 64
1603425, C, 77, 50
1603427, C, 40, 51
1603454, E, 64, 0
1603510, E, 64, 0
1603531, F, 71, 64
1603532, F, 73, 64
1603536, E, 64, 127
1603572, F, 53, 64
1603580, F, 68, 64
1603586, F, 60, 64
1603650, F, 50, 64
1603655, C, 65, 39
1603637, C, 62, 33
1604738, C, 68, 31
1604852, F, 67, 64
1604869, F, 57, 64
1604869, F, 70, 64
1604880, C, 56, 36
1604894, E, 64, 0
1604925, E, 64, 127
1604929, E, 64, 127
1604975, E, 64, 0
1604988, E, 64, 127
1605041, C, 66, 49
1605046, C, 43, 42
1605053, C, 64, 51
1605067, F, 52, 64
1605093, C, 61, 66
1605093, C, 66, 56
1605097, F, 54, 64
1605099, E, 64, 0
1605104, F, 64, 64
1605109, E, 64, 127
1605199, C, 68, 50
1605203, F, 63, 64
1605205, C, 60, 41
1605205, C, 51, 54
1605207, C, 55, 31
1605212, E, 64, 127
1605213, E, 64, 127
1605222, F, 67, 64
1605237, F, 50, 64
1605263, F, 70, 64
1605290, C, 55, 40
1605292, C, 60, 57
1605294, C, 51, 41
1605302, F, 64, 64
1605316, F, 60, 64
1605318, F, 55, 64
1605362, F, 64, 64
1605368, E, 64, 0
1605375, C, 63, 49
1605391, E, 64, 0
1605395, E, 64, 0
1605408, E, 64, 127
1605552, C, 44, 49
1605552, C, 60, 58
1605555, C, 50, 49
1605559, E, 64, 0
1605562, E, 64, 0
1605614, E, 64, 127
1605614, E, 64, 127
1605742, F, 60, 64
1605748, F, 64, 64
1605749, F, 62, 64
1605815, C, 60, 49
1605822, C, 54, 50
1605826, C, 70, 71
1605969, C, 65, 36
1605972, F, 63, 64
1606395, F, 68, 64
1606405, C, 62, 50
1606424, C, 63, 44
1606473, E, 64, 0
1606481, C, 63, 47
1606482, C, 58, 51
1606535, C, 62, 46
1606535, E, 64, 0
1606536, E, 64, 0
1606545, E, 64, 127
1606625, E, 64, 127
1606693, E, 64, 0
1606696, E, 64, 0
1606701, E, 64, 127
1606710, E, 64, 127
1607137, C, 62, 48
1607148, C, 55, 56
1607166, F, 71, 64
1607206, F, 63, 64
1607213, C, 48, 49
1607218, C, 65, 51
1607244, F, 67, 64
1607570, C, 53, 43
1607577, E, 64, 0
1607579, E, 64, 0
1607611, E, 64, 127
1607612, E, 64, 127
1607712, C, 56, 49
1607712, C, 66, 34
1607722, C, 65, 34
1607734, F, 73, 64
1607764, E, 64, 0
1607796, F, 47, 64
1607859, E, 64, 127
1607917, F, 67, 64
1607968, F, 64, 64
1607976, E, 64, 0
1607975, E, 64, 0
1608006, E, 64, 127
1608006, E, 64, 127
1608069, F, 50, 64
1608075, F, 71, 64
1608124, C, 62, 69
1608130, C, 75, 66
1608145, C, 60, 39
1608158, F, 71, 64
1608246, F, 67, 64
1608248, F, 62, 64
1608263, C, 68, 55
1608271, C, 54, 57
1608278, C, 73, 62
1608284, F, 65, 64
1608295, F, 55, 64
1608316, F, 63, 64
1608331, C, 55, 65
1608334, C, 60, 56
1608336, E, 64, 0
1608340, F, 44, 64
1608343, F, 72, 64
1608354, F, 58, 64
1608364, E, 64, 0
1608396, E, 64, 127
1608415, F, 58, 64
1608432, E, 64, 0
1608433, E, 64, 0
1608448, E, 64, 127
1608448, E, 64, 127
1608716, C, 61, 66
1608725, C, 69, 51
1608731, F, 50, 64
1608759, F, 34, 64
1608796, C, 54, 59
1608803, C, 60, 54
1608803, C, 41, 63
1608845, F, 65, 64
1608888, C, 72, 63
1608893, F, 58, 64
1608894, F, 67, 64
1608899, F, 57, 64
1608922, C, 54, 49
1608926, C, 61, 58
1608929, F, 76, 64
1608929, C, 77, 57
1608937, F, 70, 64
1608936, F, 75, 64
1608956, F, 65, 64
1608962, F, 64, 64
1608980, E, 64, 127
1609021, E, 64, 127
1609050, C, 75, 67
1609078, F, 65, 64
1609142, F, 57, 64
1609168, E, 64, 0
1609180, F, 50, 64
1609196, E, 64, 127
1609207, C, 68, 66
1609207, C, 60, 50
1609211, C, 63, 49
1609214, C, 55, 47
1609219, C, 56, 52
1609220, C, 64, 67
1609230, F, 37, 64
1609236, C, 63, 56
1609249, E, 64, 0
1609264, E, 64, 127
1609515, F, 55, 64
1609559, F, 72, 64
1609617, C, 66, 41
1609621, F, 43, 64
1609633, C, 66, 52
1609634, C, 56, 52
1609638, F, 56, 64
1609639, F, 67, 64
1609699, F, 65, 64
1609719, C, 65, 47
1609722, E, 64, 0
1609723, F, 66, 64
1609768, E, 64, 127
1609808, F, 41, 64
1618924, F, 61, 64
1618932, F, 55, 64
1618979, C, 67, 56
1618979, C, 54, 49
1618999, F, 62, 64
1619009, C, 66, 54
1619011, C, 66, 46
1619015, C, 67, 74
1619020, F, 66, 64
1619022, F, 57, 64
1619024, F, 60, 64
1619026, F, 66, 64
1619029, F, 57, 64
1619053, E, 64, 0
1619092, F, 58, 64
1619115, C, 63, 57
1619121, C, 75, 62
1619159, E, 64, 0
1619168, E, 64, 0
1619192, E, 64, 127
1619207, E, 64, 127
1619256, F, 57, 64
1619272, F, 56, 64
1619275, F, 61, 64
1619279, F, 47, 64
1619288, C, 60, 49
1619300, C, 48, 58
1619302, C, 67, 56
1619304, C, 65, 62
1619311, E, 64, 0
1619313, E, 64, 0
1619332, F, 75, 64
1619332, E, 64, 0
1619341, E, 64, 127
1619354, C, 52, 50
1619361, C, 67, 59
1619361, C, 57, 52
1619367, F, 57, 64
1619367, F, 72, 64
1619388, C, 56, 52
1619390, C, 66, 41
1619390, C, 41, 58
1619409, F, 66, 64
1619415, F, 63, 64
1619418, F, 72, 64
1619436, C, 66, 67
1619482, F, 65, 64
1619489, F, 66, 64
1619495, C, 75, 59
1619519, F, 77, 64
1619537, F, 80, 64
1619556, C, 76, 52
1619594, F, 72, 64
1619605, F, 72, 64
1619615, E, 64, 0
1619615, E, 64, 0
1619621, C, 75, 66
1619625, C, 75, 62
1619631, C, 64, 56
1619631, C, 54, 56
1619634, F, 65, 64
1619633, F, 71, 64
1619661, C, 67, 50
1619662, C, 51, 56
1619679, E, 64, 0
1619683, E, 64, 0
1619685, E, 64, 127
1619693, E, 64, 127
1619706, C, 55, 62
1619718, F, 63, 64
1619718, E, 64, 0
1619727, C, 68, 64
1619728, C, 44, 58
1619741, E, 64, 127
1619754, F, 59, 64
1619763, F, 73, 64
1619795, E, 64, 127
1619816, F, 77, 64
1619860, F, 66, 64
1619866, F, 50, 64
1619874, C, 75, 58
1619881, C, 60, 56
1619901, C, 73, 64
1619905, F, 68, 64
1619926, E, 64, 127
1619959, E, 64, 127
1619958, F, 69, 64
1619959, F, 66, 64
1619960, F, 42, 64
1619973, F, 70, 64
1619985, F, 66, 64
1619985, F, 63, 64
1620007, F, 58, 64
1620027, F, 60, 64
1620031, F, 62, 64
1620046, C, 62, 66
1620080, F, 75, 64
1620082, C, 63, 63
1620083, C, 59, 67
1620085, C, 35, 66
1620085, C, 60, 56
1620125, E, 64, 0
1620131, E, 64, 0
1620142, F, 58, 64
1620142, E, 64, 127
1620176, E, 64, 127
1620288, F, 69, 64
1620427, E, 64, 0
1620455, F, 67, 64
1620460, C, 63, 51
1620460, C, 60, 51
1620465, C, 63, 52
1620465, C, 62, 47
1620466, C, 61, 44
1620482, E, 64, 0
1620490, F, 71, 64
1620495, E, 64, 127
1620509, E, 64, 127
1620511, F, 64, 64
1620513, F, 45, 64
1620515, F, 47, 64
1620524, F, 63, 64
1620521, F, 63, 64
1620523, C, 72, 50
1620524, C, 73, 72
1620529, C, 66, 51
1620529, C, 56, 54
1620535, C, 72, 60
1620535, C, 47, 41
1620554, F, 76, 64
1620557, E, 64, 0
1620579, E, 64, 127
1620639, E, 64, 127
1620641, E, 64, 127
1620776, F, 65, 64
1620774, F, 66, 64
1620788, C, 61, 70
1620806, F, 54, 64
1620806, F, 68, 64
1620820, F, 51, 64
1620904, C, 61, 59
1620921, C, 56, 32
1620933, E, 64, 127
1620938, E, 64, 127
1621030, C, 55, 34
1621032, C, 64, 54
1621042, E, 64, 0
1621058, F, 54, 64
1621061, F, 43, 64
1621094, F, 59, 64
1621142, C, 63, 54
1621142, C, 51, 58
1621142, C, 59, 58
1621145, E, 64, 0
1621148, F, 68, 64
1621152, E, 64, 127
1621157, E, 64, 127
1621176, E, 64, 0
1621293, F, 39, 64
1621299, E, 64, 127
1621328, F, 47, 64
1621330, F, 66, 64
1621343, C, 64, 53
1621350, C, 57, 54
1621355, C, 59, 54
1621377, E, 64, 127
1621432, F, 81, 64
1621433, F, 47, 64
1621443, F, 66, 64
1621460, C, 73, 59
1621460, C, 66, 63
1621460, C, 57, 56
1621460, E, 64, 0
1621461, C, 41, 58
1621462, F, 58, 64
1621467, F, 37, 64
1621470, F, 59, 64
1621515, C, 67, 51
1621521, F, 61, 64
1621521, F, 57, 64
1621529, C, 75, 57
1621540, E, 64, 127
1621555, E, 64, 127
1621572, F, 63, 64
1621572, F, 54, 64
1621594, C, 67, 57
1621594, C, 60, 59
1621603, C, 52, 57
1621713, E, 64, 127
1621718, E, 64, 0
1621719, E, 64, 0
1621729, E, 64, 127
1621826, E, 64, 127
1621840, C, 51, 50
1621903, F, 66, 64
1621913, F, 65, 64
1621916, F, 60, 64
1621941, F, 51, 64
1621962, C, 50, 52
1621964, C, 63, 54
1621971, C, 59, 64
1621976, F, 50, 64
1621986, F, 60, 64
1621989, C, 67, 58
1621994, F, 47, 64
1622047, E, 64, 0
1622053, E, 64, 0
1622097, E, 64, 127
1622098, E, 64, 127
1622098, F, 62, 64
1622101, F, 56, 64
1622109, C, 59, 32
1622131, C, 60, 26
1622134, C, 59, 40
1622136, C, 59, 42
1622138, C, 64, 58
1622147, F, 51, 64
1622151, F, 75, 64
1622151, E, 64, 0
1622156, F, 71, 64
1622172, E, 64, 127
1622185, E, 64, 127
1622184, F, 64, 64
1622186, E, 64, 0
1622198, F, 64, 64
1622198, F, 81, 64
1622198, F, 57, 64
1622197, C, 67, 54
1622197, C, 61, 52
1622211, F, 59, 64
1622214, F, 59, 64
1622214, F, 61, 64
1622214, F, 54, 64
1622227, F, 59, 64
1622274, C, 75, 58
1622276, C, 47, 58
1622277, C, 63, 60
1622278, C, 73, 73
1622280, E, 64, 127
1622281, E, 64, 0
1622297, E, 64, 127
1622607, F, 48, 64
1622614, F, 61, 64
1622615, F, 71, 64
1622638, F, 66, 64
1622648, E, 64, 0
1622653, C, 71, 54
1622676, C, 39, 64
1622675, C, 54, 47
1622683, F, 50, 64
1622878, F, 59, 64
1622904, F, 63, 64
1622939, F, 63, 64
1622949, F, 69, 64
1622949, C, 75, 63
1622947, C, 62, 70
1622965, F, 71, 64
1622965, F, 71, 64
1623031, C, 68, 69
1623032, C, 52, 49
1623036, E, 64, 127
1623055, E, 64, 0
1623057, F, 66, 64
1623059, F, 68, 64
1623067, E, 64, 0
1623075, E, 64, 127
1623090, F, 47, 64
1623096, C, 66, 51
1623096, C, 51, 56
1623096, C, 59, 56
1623100, C, 51, 50
1623102, C, 59, 54
1623104, E, 64, 0
1623115, E, 64, 127
1623174, C, 64, 54
1623175, C, 55, 54
1623192, F, 38, 64
1623197, F, 61, 64
1623198, E, 64, 0
1623203, F, 47, 64
1623210, F, 63, 64
1623212, F, 53, 64
1623213, F, 54, 64
1623212, F, 70, 64
1623272, F, 49, 64
1623271, F, 55, 64
1623276, F, 63, 64
1623277, F, 60, 64
1623339, C, 42, 62
1623353, C, 57, 52
1623351, C, 55, 62
1623354, F, 47, 64
1623375, E, 64, 0
1623397, F, 60, 64
1623398, E, 64, 127
1623405, F, 58, 64
1623406, F, 62, 64
1623425, C, 66, 62
1623431, C, 71, 67
1623433, C, 71, 64
1623439, C, 57, 64
1623439, C, 37, 54
1623446, F, 68, 64
1623446, F, 68, 64
1623447, F, 51, 64
1623450, F, 63, 64
1623450, C, 76, 58
1623463, C, 72, 58
1623470, F, 71, 64
1623504, F, 73, 64
1623512, F, 37, 64
1623557, C, 63, 62
1623559, C, 44, 62
1623560, E, 64, 0
1623603, C, 71, 50
1623619, E, 64, 127
1623620, F, 61, 64
1623622, F, 58, 64
1623625, F, 55, 64
1623672, F, 44, 64
1623679, C, 65, 64
1623683, E, 64, 0
1623683, E, 64, 0
1623873, E, 64, 127
1623873, E, 64, 127
1623954, C, 47, 32
1623955, C, 47, 41
1623959, C, 62, 42
1623996, C, 55, 44
1623996, C, 55, 64
1624914, F, 61, 64
1624919, F, 61, 64
1624919, F, 44, 64
1624919, E, 64, 127
1624953, F, 54, 64
1624957, F, 63, 64
1624958, F, 71, 64
1624972, C, 69, 46
1624976, C, 65, 52
1624983, F, 63, 64
1624989, C, 39, 37
1624997, C, 73, 61
1625095, F, 44, 64
1625099, F, 72, 64
1625297, C, 54, 51
1625298, C, 43, 63
1625391, E, 64, 0
1625394, F, 55, 64
1625398, F, 50, 64
1625401, F, 52, 64
1625417, E, 64, 127
1625427, E, 64, 127
1625439, C, 67, 59
1625439, C, 61, 64
1625449, E, 64, 0
1625450, E, 64, 0
1625489, E, 64, 127
1625509, E, 64, 127
1625509, C, 67, 63
1625538, E, 64, 0
1625583, E, 64, 127
1625601, C, 72, 64
1625605, C, 60, 52
1625606, C, 73, 52
1625617, C, 63, 54
1625630, F, 74, 64
1625602, F, 76, 64
1625616, E, 64, 0
1625622, E, 64, 0
1625622, E, 64, 0
1625626, C, 42, 56
1625629, C, 67, 74
1625641, E, 64, 127
1625643, E, 64, 127
1625670, C, 63, 58
1625680, F, 71, 64
1625717, C, 40, 57
1625734, E, 64, 127
1625841, E, 64, 127
1625873, F, 60, 64
1625879, F, 59, 64
1625877, C, 73, 55
1625898, F, 66, 64
1625898, C, 65, 51
1625917, F, 65, 64
1625919, F, 47, 64
1625930, E, 64, 127
1625931, E, 64, 127
1625975, F, 59, 64
1625981, F, 64, 64
1625990, C, 65, 58
1625995, F, 73, 64
1625995, C, 43, 57
1625999, C, 65, 59
1626015, F, 59, 64
1626083, E, 64, 127
1626083, E, 64, 127
1626092, F, 63, 64
1626092, F, 60, 64
1626093, E, 64, 0
1626096, E, 64, 0
1626139, C, 54, 50
1626137, C, 57, 46
1626139, C, 65, 55
1626139, C, 59, 32
1626145, C, 55, 46
1626148, F, 68, 64
1626164, F, 54, 64
1626166, F, 59, 64
1626204, C, 54, 41
1626224, F, 59, 64
1626240, F, 64, 64
1626275, C, 67, 53
1626275, C, 50, 57
1626279, C, 59, 52
1626281, C, 54, 75
1626302, F, 67, 64
1626414, C, 71, 65
1626439, E, 64, 127
1626439, C, 69, 65
1626443, C, 65, 42
1626447, C, 51, 50
1626447, C, 64, 50
1626450, E, 64, 0
1626475, F, 43, 64
1626509, E, 64, 127
1626568, E, 64, 127
1626568, F, 66, 64
1626575, F, 63, 64
1626579, F, 54, 64
1626609, C, 55, 50
1626613, F, 67, 64
1626613, C, 70, 67
1626617, C, 42, 48
1626608, F, 71, 64
1626608, F, 64, 64
1626616, F, 51, 64
1626619, C, 69, 65
1626619, C, 49, 62
1626620, C, 48, 50
1626640, E, 64, 127
1626652, F, 54, 64
1626664, F, 47, 64
1626675, E, 64, 127
1626775, F, 52, 64
1626777, F, 61, 64
1626790, F, 59, 64
1626930, C, 61, 62
1626937, F, 68, 64
1626939, C, 75, 68
1626942, E, 64, 127
1626945, E, 64, 127
1626995, C, 69, 44
1627006, F, 72, 64
1627102, E, 64, 0
1627028, E, 64, 127
1627067, F, 64, 64
1627069, F, 59, 64
1627075, F, 60, 64
1627109, E, 64, 0
1627269, E, 64, 127
1627269, E, 64, 127
1627283, C, 60, 47
1627309, F, 51, 64
1627314, C, 74, 62
1627314, C, 56, 52
1627341, E, 64, 0
1627358, E, 64, 127
1627391, F, 65, 64
1627441, C, 56, 54
1627448, C, 38, 60
1627452, E, 64, 0
1627452, C, 59, 64
1627460, E, 64, 127
1627461, E, 64, 127
1627530, F, 57, 64
1627532, F, 45, 64
1627552, E, 64, 127
1627637, C, 56, 48
1627633, C, 71, 48
1627632, F, 68, 64
1627705, F, 45, 64
1627711, C, 62, 49
1627712, C, 62, 46
1627714, E, 64, 0
1627725, E, 64, 127
1627789, F, 48, 64
1627796, E, 64, 0
1627798, E, 64, 127
1627996, E, 64, 127
1628002, F, 68, 64
1628013, E, 64, 127
1628086, F, 62, 64
1628100, F, 70, 64
1628150, C, 65, 56
1628168, F, 71, 64
1628194, C, 67, 56
1628194, C, 47, 58
1628297, C, 73, 48
1628307, F, 69, 64
1628317, E, 64, 127
1628342, F, 45, 64
1628354, F, 62, 64
1628394, F, 66, 64
1628401, F, 78, 64
1628593, E, 64, 0
1628605, C, 77, 72
1628623, C, 64, 54
1628627, F, 36, 64
1628630, F, 75, 64
1628656, C, 67, 50
1628663, F, 68, 64
1628754, C, 56, 29
1628811, E, 64, 0
1628811, F, 75, 64
1628824, E, 64, 127
1628891, F, 63, 64
1628893, F, 63, 64
1628894, F, 60, 64
1628900, C, 62, 58
1628901, C, 47, 58
1628904, C, 47, 55
1628908, E, 64, 0
1628908, E, 64, 0
1628908, F, 64, 64
1628908, C, 52, 52
1628909, C, 57, 49
1628909, C, 59, 73
1628910, C, 60, 63
1628910, C, 60, 62
1628910, C, 52, 58
1628918, C, 66, 69
1628940, F, 50, 64
1629096, F, 57, 64
1629098, F, 62, 64
1629106, F, 57, 64
1629167, F, 69, 64
1629217, C, 39, 41
1629219, C, 65, 50
1629219, C, 43, 58
1629223, C, 54, 63
1629228, F, 69, 64
1629242, C, 48, 69
1629245, C, 66, 62
1629248, C, 59, 63
1629256, C, 54, 49
1629310, F, 62, 64
1629328, F, 54, 64
1629329, E, 64, 0
1629329, E, 64, 0
1629329, F, 55, 64
1629362, C, 71, 75
1629366, C, 56, 71
1629371, C, 67, 52
1629371, C, 68, 76
1629380, F, 72, 64
1629380, F, 70, 64
1629382, F, 52, 64
1629382, C, 50, 52
1629384, C, 62, 58
1629404, F, 56, 64
1629414, E, 64, 0
1629414, E, 64, 0
1629423, F, 57, 64
1629434, C, 72, 58
1629439, F, 42, 64
1629444, F, 62, 64
1629489, C, 67, 58
1629494, C, 57, 65
1629516, F, 71, 64
1629544, C, 36, 50
1629546, C, 63, 54
1629548, C, 56, 49
1629562, F, 66, 64
1629585, F, 50, 64
1629634, F, 59, 64
1629646, F, 52, 64
1629697, E, 64, 0
1629698, E, 64, 0
1629707, F, 54, 64
1629709, C, 66, 62
1629712, C, 59, 69
1629714, C, 39, 57
1629716, F, 44, 64
1629725, F, 66, 64
1629731, E, 64, 0
1629731, E, 64, 0
1629763, E, 64, 127
1629763, E, 64, 127
1629803, F, 56, 64
1629807, F, 50, 64
1629848, E, 64, 0
1629849, E, 64, 0
1629879, E, 64, 127
1629879, E, 64, 127
1629976, C, 55, 57
1629979, C, 60, 38
1630015, C, 61, 57
1630022, C, 64, 58
1630083, F, 51, 64
1630083, F, 65, 64
1630091, F, 37, 64
1630096, F, 64, 64
1630109, E, 64, 127
1630115, E, 64, 0
1630128, F, 49, 64
1630131, E, 64, 127
1630136, F, 54, 64
1630216, E, 64, 0
1630236, C, 61, 60
1630237, C, 55, 34
1630237, C, 55, 41
1630240, F, 58, 64
1630245, C, 54, 49
1630255, F, 47, 64
1630258, F, 63, 64
1630263, E, 64, 0
1630280, F, 64, 64
1630292, F, 59, 64
1630294, F, 61, 64
1630315, E, 64, 127
1630357, E, 64, 0
1630358, F, 67, 64
1630361, E, 64, 127
1630378, F, 63, 64
1630386, F, 55, 64
1630393, F, 66, 64
1630397, F, 58, 64
1630398, F, 63, 64
1630401, F, 64, 64
1630438, C, 72, 65
1630454, F, 72, 64
1630456, F, 66, 64
1630466, F, 62, 64
1630466, F, 63, 64
1630470, C, 76, 51
1630484, F, 66, 64
1630488, C, 67, 44
1630489, F, 50, 64
1630489, E, 64, 0
1630489, F, 72, 64
1630492, F, 47, 64
1630499, F, 68, 64
1630502, E, 64, 127
1630506, F, 66, 64
1630531, C, 72, 51
1630558, F, 54, 64
1630578, F, 63, 64
1630651, C, 67, 57
1630653, C, 64, 58
1630655, F, 51, 64
1630663, F, 66, 64
1630664, F, 59, 64
1630717, F, 65, 64
1630755, C, 61, 55
1630761, F, 52, 64
1630764, C, 63, 55
1630767, C, 71, 57
1630759, F, 60, 64
1630850, E, 64, 0
1630856, F, 50, 64
1630866, F, 55, 64
1630866, F, 60, 64
1630902, C, 64, 44
1630907, C, 67, 48
1630915, E, 64, 127
1630921, F, 60, 64
1630922, F, 73, 64
1630934, E, 64, 127
1630961, C, 71, 51
1630972, F, 66, 64
1630975, F, 44, 64
1630977, F, 56, 64
1630981, F, 69, 64
1630997, F, 59, 64
1630998, F, 65, 64
1631006, C, 73, 73
1631005, C, 63, 76
1631006, C, 71, 58
1631006, C, 56, 78
1631007, C, 45, 83
1631028, F, 75, 64
1631031, F, 73, 64
1631042, F, 77, 64
1631064, C, 81, 58
1631077, F, 72, 64
1631139, C, 88, 67
1631141, E, 64, 0
1631143, F, 83, 64
1631143, C, 87, 83
1631147, C, 76, 50
1631149, C, 44, 73
1631151, E, 64, 0
1631151, C, 63, 51
1631153, C, 51, 47
1631169, E, 64, 127
1631169, E, 64, 0
1631174, F, 59, 64
1631175, F, 54, 64
1631175, E, 64, 127
1631232, C, 73, 59
1631240, F, 82, 64
1631255, F, 75, 64
1631267, E, 64, 0
1631504, C, 80, 63
1631504, C, 61, 54
1631519, F, 83, 64
1631529, F, 80, 64
1631588, C, 66, 47
1631588, C, 76, 66
1631598, F, 80, 64
1631611, F, 57, 64
1631613, F, 63, 64
1631614, F, 35, 64
1631615, C, 54, 58
1631622, C, 69, 60
1631664, C, 73, 64	
