90
400954, E, 64, 0
049094, E, 64, 0
408219, E, 64, 0
408233, E, 64, 0
408247, C, 59, 46
408247, C, 60, 63
408250, C, 62, 41
408250, C, 52, 46
408256, C, 77, 56
408289, E, 64, 0
408292, E, 64, 0
408298, F, 74, 64
408305, E, 64, 0
408312, C, 74, 55
408313, C, 63, 39
408323, C, 48, 60
408325, E, 64, 0
408327, C, 60, 49
408341, F, 66, 64
408341, F, 53, 64
408350, F, 50, 64
408355, F, 55, 64
408377, F, 53, 64
408377, C, 79, 72
408379, C, 64, 54
408383, C, 66, 83
408383, C, 64, 92
408383, C, 42, 68
408390, E, 64, 0
408382, E, 64, 0
408419, E, 64, 127
408429, F, 60, 64
408429, E, 64, 127
408461, C, 70, 65
408467, C, 79, 49
408468, E, 64, 0
408472, E, 64, 0
408485, C, 61, 38
408485, C, 55, 31
408493, F, 66, 64
408494, F, 77, 64
408508, C, 81, 55
408518, E, 64, 127
408524, E, 64, 127
408565, E, 64, 0
408603, C, 74, 72
408611, C, 72, 60
408612, C, 43, 46
408626, F, 55, 64
408633, F, 61, 64
408633, F, 75, 64
408665, F, 60, 64
408727, F, 68, 64
408760, C, 75, 65
408775, C, 60, 36
408779, C, 43, 41
408780, C, 60, 32
408780, C, 52, 36
408784, F, 71, 64
408785, E, 64, 0
408825, E, 64, 127
408835, E, 64, 127
408906, F, 50, 64
408921, F, 43, 64
408922, F, 60, 64
408929, F, 55, 64
408966, C, 58, 54
408971, E, 64, 0
408971, C, 75, 58
408970, C, 70, 63
408977, C, 69, 54
408977, C, 56, 36
408978, C, 52, 40
408978, C, 55, 67
408987, C, 56, 33
408994, F, 58, 64
408994, F, 48, 64
408994, F, 70, 64
409006, E, 64, 127
409012, E, 64, 127
409074, F, 60, 64
409096, E, 64, 0
409145, E, 64, 0
409156, C, 48, 51
409157, E, 64, 127
409159, C, 49, 39
409153, C, 60, 45
409154, C, 71, 41
409155, E, 64, 127
409159, E, 64, 0
409171, F, 54, 64
409171, E, 64, 127
409205, F, 64, 64
409229, E, 64, 0
409251, F, 64, 64
409253, E, 64, 0
409275, E, 64, 127
409280, E, 64, 127
409289, C, 69, 48
409303, F, 72, 64
409313, C, 77, 44
409315, C, 65, 41
409316, C, 57, 27
409318, F, 71, 64
409326, E, 64, 0
409350, E, 64, 127
409362, F, 64, 64
409365, F, 69, 64
409394, F, 60, 64
409401, C, 40, 53
409406, E, 64, 0
409428, E, 64, 0
409434, C, 67, 46
409440, C, 50, 40
409444, C, 55, 45
409478, C, 65, 49
409487, C, 53, 48
409502, E, 64, 127
409516, F, 56, 64
409520, F, 63, 64
409513, E, 64, 0
409513, E, 64, 0
409528, C, 79, 42
409528, C, 60, 48
409528, C, 55, 37
409543, F, 41, 64
409551, E, 64, 0
409581, E, 64, 127
409635, F, 76, 64
409720, E, 64, 0
409758, C, 63, 35
409747, C, 60, 52
409762, F, 81, 64
409762, F, 48, 64
409766, F, 72, 64
409766, C, 69, 45
409781, F, 73, 64
409797, C, 73, 32
409798, C, 55, 36
409829, F, 50, 64
409838, F, 70, 64
409870, C, 72, 49
409871, C, 67, 50
409876, E, 64, 0
409900, E, 64, 127
409926, E, 64, 127
409947, F, 52, 64
409960, F, 59, 64
409960, F, 65, 64
409968, F, 67, 64
409972, F, 59, 64
410021, E, 64, 0
410026, C, 73, 58
410033, C, 70, 66
410037, E, 64, 0
410038, E, 64, 0
410039, E, 64, 0
410039, C, 84, 84
410040, C, 50, 49
410063, F, 79, 64
410077, C, 79, 28
410080, C, 75, 36
410084, F, 79, 64
410079, C, 75, 42
410078, C, 65, 21
410083, C, 55, 29
410091, C, 65, 29
410091, F, 59, 64
410094, F, 63, 64
410096, F, 60, 64
410101, F, 67, 64
410105, F, 69, 64
410131, F, 72, 64
410155, E, 64, 0
410156, C, 55, 31
410156, C, 45, 31
410175, E, 64, 127
410179, F, 69, 64
410187, F, 64, 64
410191, E, 64, 0
410235, E, 64, 127
410328, F, 63, 64
410330, F, 65, 64
410343, F, 59, 64
410371, C, 70, 53
410372, C, 55, 47
410372, C, 55, 53
410373, E, 64, 0
410380, F, 72, 64
410383, F, 48, 64
410384, E, 64, 0
410387, F, 74, 64
410394, C, 72, 45
410398, C, 51, 37
410409, E, 64, 0
410416, F, 67, 64
410418, E, 64, 0
410425, C, 58, 20
410427, C, 75, 58
410508, F, 74, 64
410509, E, 64, 127
410513, F, 77, 64
410527, C, 74, 46
410529, C, 67, 41
410532, C, 77, 40
410533, C, 60, 32
410533, E, 64, 0
410546, E, 64, 0
410554, E, 64, 127
410568, E, 64, 127
410591, C, 59, 36
410606, C, 65, 41
410612, C, 50, 33
410621, F, 71, 64
410621, F, 69, 64
410624, F, 59, 64
410724, F, 58, 64
410727, F, 64, 64
410728, F, 67, 64
410732, F, 67, 64
410746, C, 54, 23
410757, E, 64, 0
410763, F, 76, 64
410778, F, 54, 64
410787, C, 73, 31
410787, C, 54, 31
410799, E, 64, 127
410859, F, 55, 64
410859, F, 60, 64
410873, E, 64, 127
410877, C, 70, 63
410882, C, 50, 45
410884, E, 64, 0
410891, C, 65, 61
410891, C, 59, 40
410896, C, 70, 64
410896, C, 63, 40
410899, E, 64, 0
410901, F, 65, 64
410902, E, 64, 127
410909, F, 60, 64
410940, F, 59, 64
410967, E, 64, 0
411003, E, 64, 127
411005, C, 72, 59
411005, E, 64, 0
411016, C, 40, 39
411026, F, 75, 64
411030, C, 50, 45
411047, F, 76, 64
411057, F, 67, 64
411061, C, 74, 45
411067, C, 74, 42
411072, C, 55, 24
411079, E, 64, 0
411082, E, 64, 127
411090, E, 64, 127
411299, F, 50, 64
411297, C, 71, 39
411317, F, 71, 64
411320, C, 45, 40
411327, C, 54, 31
411339, F, 71, 64
411355, F, 56, 64
411356, F, 55, 64
411431, F, 60, 64
411432, E, 64, 127
411466, E, 64, 0
411476, E, 64, 127
411662, F, 74, 64
411735, F, 55, 64
411739, C, 60, 38
411739, C, 71, 36
411741, F, 77, 64
411740, F, 71, 64
411744, E, 64, 127
411748, F, 59, 64
411790, E, 64, 127
411929, F, 43, 64
411929, E, 64, 127
411940, F, 70, 64
411931, F, 55, 64
411938, F, 60, 64
411942, F, 60, 64
411942, F, 55, 64
411966, C, 70, 33
411966, C, 64, 23
411967, C, 58, 28
411967, C, 59, 35
411968, C, 59, 28
411993, E, 64, 127
412008, E, 64, 127
411298, F, 64, 64
411303, E, 64, 0
411309, E, 64, 127
411332, F, 32, 64
411375, C, 67, 29
411376, C, 55, 45
411382, C, 64, 37
411382, E, 64, 0
411386, E, 64, 127
411394, C, 71, 31
411404, F, 50, 64
411417, E, 64, 127
411437, F, 59, 64
411438, F, 74, 64
411444, F, 56, 64
411456, F, 64, 64
411474, E, 64, 0
411490, E, 64, 0
411497, C, 74, 47
411498, C, 59, 29
411509, F, 75, 64
411509, E, 64, 127
411535, E, 64, 0
411541, F, 76, 64
411545, F, 50, 64
411548, F, 59, 64
411551, E, 64, 127
411581, F, 61, 64
411671, C, 79, 45
411684, F, 64, 64
411701, F, 59, 64
411703, E, 64, 0
411707, E, 64, 0
411708, C, 71, 51
411715, E, 64, 127
411724, F, 71, 64
411744, F, 55, 64
411748, F, 64, 64
411748, F, 55, 64
411754, F, 59, 64
411759, E, 64, 127
411763, E, 64, 0
411767, F, 72, 64
411769, E, 64, 127
411881, C, 69, 48
411903, F, 68, 64
411915, F, 50, 64
411915, F, 64, 64
411982, C, 79, 41
411997, F, 71, 64
412000, E, 64, 0
412017, C, 79, 36
412019, C, 55, 45
412021, C, 55, 40
412021, C, 55, 36
412025, C, 52, 50
412035, E, 64, 127
412042, F, 71, 64
412049, F, 73, 64
412056, E, 64, 0
412059, E, 64, 0
412068, C, 74, 40
412069, E, 64, 127
412082, C, 45, 31
412087, E, 64, 127
412087, E, 64, 127
412105, C, 68, 30
412106, C, 60, 35
412118, F, 70, 64
412124, F, 64, 64
412132, F, 40, 64
412244, C, 71, 36
412253, C, 55, 35
412263, E, 64, 127
412267, E, 64, 127
412306, F, 59, 64
412318, E, 64, 0
412348, E, 64, 127
412357, F, 64, 64
412376, F, 50, 64
412396, E, 64, 0
412436, C, 74, 42
412443, E, 64, 127
412463, E, 64, 127
412483, F, 74, 64
412492, C, 71, 39
412508, F, 75, 64
412511, C, 77, 66
412516, F, 69, 64
412630, C, 34, 53
412633, F, 71, 64
412644, C, 78, 53
412644, C, 57, 37
412647, C, 57, 45
412649, C, 64, 42
412662, F, 55, 64
412668, F, 52, 64
412669, C, 58, 32
412669, C, 59, 36
412669, C, 48, 36
412680, E, 64, 127
412687, F, 70, 64
412693, F, 55, 64
412698, F, 46, 64
412699, F, 59, 64
412722, F, 58, 64
412729, F, 60, 64
412731, F, 55, 64
412750, F, 39, 64
412763, F, 59, 64
412770, C, 54, 46
412783, E, 64, 0
412785, F, 78, 64
412796, F, 59, 64
412798, F, 71, 64
412832, E, 64, 127
412838, C, 73, 46
412845, F, 71, 64
412849, E, 64, 0
412880, E, 64, 127
412886, C, 69, 42
412889, C, 62, 40
412892, F, 60, 64
412892, F, 55, 64
412895, F, 55, 64
412929, F, 71, 64
412931, F, 54, 64
412943, F, 50, 64
412950, C, 69, 31
412961, C, 69, 46
412998, F, 79, 64
413092, F, 55, 64
413110, F, 81, 64
413111, F, 84, 64
413121, C, 81, 40
413133, F, 76, 64
413133, C, 71, 54
413134, C, 73, 40
413145, E, 64, 0
413145, E, 64, 0
413159, E, 64, 127
413160, F, 60, 64
413161, E, 64, 127
413175, C, 64, 35
413181, C, 55, 36
413183, C, 55, 50
413186, C, 55, 41
413190, C, 50, 28
413192, F, 59, 64
413192, F, 70, 64
413202, F, 50, 64
413205, F, 60, 64
413205, F, 67, 64
413221, F, 52, 64
413221, C, 56, 44
413225, C, 64, 36
413231, F, 79, 64
413232, F, 55, 64
413246, F, 68, 64
413253, F, 74, 64
413279, C, 70, 39
413280, C, 50, 37
413287, C, 48, 32
413291, C, 78, 50
413412, E, 64, 127
413416, E, 64, 127
442217, F, 55, 64
442226, F, 55, 64
442265, E, 64, 0
442298, E, 64, 127
442297, F, 70, 64
442358, C, 69, 70
442372, C, 72, 56
442378, C, 65, 80
442378, C, 62, 82
442381, C, 55, 58
442385, F, 53, 64
442386, F, 67, 64
442413, E, 64, 0
442418, C, 43, 66
442423, F, 67, 64
442426, F, 77, 64
442437, E, 64, 127
442516, E, 64, 127
442537, C, 72, 50
442538, C, 67, 42
442538, C, 55, 30
442542, E, 64, 0
442543, E, 64, 0
442547, F, 71, 64
442549, C, 78, 68
442549, C, 55, 61
442555, C, 51, 72
442560, E, 64, 0
442562, F, 82, 64
442562, F, 59, 64
442576, E, 64, 127
442604, E, 64, 127
442693, F, 79, 64
413964, C, 76, 63
413966, C, 70, 53
442700, E, 64, 127
442715, C, 76, 39
442756, F, 74, 64
442766, C, 59, 52
442788, F, 77, 64
442817, E, 64, 0
442845, C, 74, 77
442863, E, 64, 0
442863, C, 70, 70
442863, C, 46, 63
442865, C, 76, 86
442869, C, 36, 64
442869, E, 64, 0
442871, F, 77, 64
442874, F, 71, 64
442886, E, 64, 127
442894, E, 64, 127
442923, E, 64, 0
442993, E, 64, 0
414002, F, 44, 64
414030, F, 70, 64
414031, C, 50, 38
414031, C, 54, 61
414033, C, 62, 41
414035, C, 55, 35
414040, C, 60, 55
414044, C, 60, 31
414053, E, 64, 0
414064, E, 64, 127
414078, E, 64, 0
414091, F, 74, 64
414091, F, 60, 64
414094, F, 36, 64
414097, F	
