
74259, E, 64, 0
50469, E, 64, 127
50498, C, 49, 46
50501, C, 70, 42
50504, C, 50, 39
50502, C, 50, 38
50501, C, 59, 23
50511, E, 64, 0
50512, E, 64, 0
50521, E, 64, 0
50527, F, 65, 64
50536, C, 71, 42
50540, C, 73, 53
50604, F, 68, 64
50613, F, 56, 64
50614, F, 53, 64
50652, F, 49, 64
50661, C, 71, 49
50672, F, 62, 64
50682, F, 60, 64
50748, C, 72, 46
50755, C, 62, 46
50768, F, 72, 64
50768, E, 64, 0
50769, E, 64, 0
50793, F, 57, 64
50795, F, 56, 64
50797, C, 77, 46
50814, F, 35, 64
50848, C, 79, 42
50848, C, 66, 48
50853, C, 58, 46
50858, E, 64, 0
50858, E, 64, 0
50858, E, 64, 0
50860, F, 76, 64
50879, E, 64, 127
50884, E, 64, 0
51002, C, 59, 48
51020, E, 64, 0
51025, C, 47, 49
51056, E, 64, 127
51058, E, 64, 127
51095, F, 50, 64
51101, C, 68, 54
51102, C, 62, 46
51102, E, 64, 0
51101, E, 64, 0
51131, E, 64, 127
51141, E, 64, 127
51176, F, 68, 64
51215, E, 64, 0
51243, F, 73, 64
51280, E, 64, 127
51283, C, 74, 84
51283, C, 63, 63
51292, F, 75, 64
51295, C, 72, 51
51299, F, 56, 64
51299, F, 61, 64
51320, E, 64, 0
51336, E, 64, 127
51398, C, 46, 101
51499, F, 72, 64
51499, C, 73, 51
51499, C, 62, 46
51511, F, 66, 64
51519, F, 60, 64
51630, C, 76, 81
51645, C, 58, 32
51651, C, 59, 28
51707, F, 71, 64
51708, C, 73, 44
51710, F, 66, 64
51724, F, 67, 64
51727, E, 64, 127
51729, F, 58, 64
51769, C, 71, 47
51785, F, 62, 64
51786, F, 64, 64
51786, F, 69, 64
51798, C, 75, 46
51804, C, 53, 55
51813, E, 64, 0
51813, E, 64, 0
51868, E, 64, 127
51868, E, 64, 127
51920, C, 76, 43
51914, C, 71, 56
51919, C, 73, 67
51928, F, 73, 64
51937, E, 64, 127
51961, E, 64, 0
51962, C, 39, 64
51972, E, 64, 0
51983, F, 67, 64
51986, C, 76, 58
51987, F, 74, 64
52037, E, 64, 0
52067, E, 64, 127
52067, E, 64, 127
52067, E, 64, 127
52069, F, 68, 64
52127, C, 62, 44
52127, C, 53, 40
52128, C, 56, 50
52130, C, 68, 79
52163, F, 71, 64
52166, F, 77, 64
52180, F, 48, 64
52210, C, 74, 25
52212, F, 72, 64
52213, E, 64, 0
52219, F, 73, 64
52235, E, 64, 127
52248, E, 64, 127
52268, F, 71, 64
52347, C, 79, 49
52361, F, 65, 64
52368, F, 47, 64
52440, C, 68, 69
52449, E, 64, 0
52457, C, 75, 67
52459, C, 68, 80
52462, C, 44, 96
52463, E, 64, 127
52464, E, 64, 127
52473, F, 44, 64
52502, F, 56, 64
52521, E, 64, 0
52521, E, 64, 0
52523, C, 55, 24
52528, F, 70, 64
52531, C, 67, 58
52531, C, 58, 46
52535, F, 43, 64
52537, F, 71, 64
52538, F, 64, 64
52607, C, 46, 68
52609, C, 65, 44
52616, C, 76, 51
52631, E, 64, 0
52638, E, 64, 0
52639, E, 64, 0
52639, E, 64, 0
52651, E, 64, 127
52655, E, 64, 127
52662, F, 44, 64
52685, F, 66, 64
52765, C, 44, 69
52769, C, 77, 73
52767, C, 70, 48
52768, C, 55, 45
52768, C, 63, 28
52802, F, 73, 64
52803, E, 64, 127
52800, E, 64, 127
52850, F, 61, 64
52885, C, 67, 61
52890, C, 60, 32
52891, C, 33, 41
52894, F, 65, 64
52903, E, 64, 0
52929, E, 64, 127
52917, C, 58, 42
52919, C, 59, 46
52937, E, 64, 0
52946, F, 68, 64
52973, E, 64, 127
52983, E, 64, 127
52992, E, 64, 127
53011, F, 39, 64
53012, F, 64, 64
53073, C, 68, 58
53089, F, 55, 64
53104, C, 69, 53
53105, C, 61, 36
53110, F, 68, 64
53116, E, 64, 127
53116, E, 64, 127
53116, E, 64, 127
53135, F, 53, 64
53141, F, 53, 64
53141, F, 67, 64
53154, F, 55, 64
53167, F, 50, 64
53236, F, 58, 64
53246, F, 59, 64
53252, F, 62, 64
53258, F, 48, 64
53288, F, 51, 64
53304, E, 64, 127
53309, E, 64, 127
53336, F, 59, 64
53431, C, 71, 45
53436, C, 67, 51
53444, F, 67, 64
53450, E, 64, 0
53454, E, 64, 0
53458, C, 60, 30
53486, F, 71, 64
53487, C, 62, 25
53487, C, 59, 26
53500, E, 64, 0
53500, E, 64, 0
53581, F, 55, 64
53581, E, 64, 127
53587, F, 61, 64
53587, F, 51, 64
53588, F, 72, 64
53588, F, 57, 64
53592, F, 64, 64
53595, C, 63, 59
53606, F, 75, 64
53607, E, 64, 0
53608, E, 64, 0
53614, F, 72, 64
53620, F, 47, 64
53629, C, 71, 59
53658, F, 72, 64
53692, E, 64, 127
53691, E, 64, 127
53713, C, 69, 57
53713, C, 51, 23
53770, E, 64, 0
53770, E, 64, 0
53770, C, 53, 30
53774, C, 55, 30
53777, E, 64, 0
53777, E, 64, 0
53814, E, 64, 127
53822, E, 64, 127
53849, F, 63, 64
53905, C, 68, 36
53909, C, 62, 46
53909, C, 54, 36
53919, E, 64, 0
53944, E, 64, 127
53989, F, 46, 64
53994, F, 55, 64
54007, C, 71, 46
54044, E, 64, 0
54065, C, 64, 46
54069, C, 70, 48
54071, C, 50, 41
54074, F, 36, 64
54075, E, 64, 0
54077, E, 64, 0
54077, E, 64, 0
54089, F, 54, 64
54093, E, 64, 0
54125, E, 64, 127
54145, E, 64, 127
54147, E, 64, 127
54181, F, 54, 64
54182, F, 73, 64
54213, C, 59, 44
54216, C, 70, 61
54232, E, 64, 0
54249, E, 64, 127
54254, E, 64, 127
54363, F, 71, 64
54371, C, 72, 70
54379, C, 48, 41
54385, E, 64, 127
54388, E, 64, 127
54410, F, 49, 64
54410, F, 51, 64
54446, C, 69, 35
54446, C, 39, 41
54454, F, 55, 64
54485, E, 64, 127
54485, E, 64, 127
54501, E, 64, 0
54508, E, 64, 0
54513, C, 60, 35
54514, C, 45, 29
54517, F, 41, 64
54517, C, 47, 43
54522, C, 52, 23
54522, C, 58, 26
54523, F, 55, 64
54526, F, 53, 64
54640, F, 55, 64
54644, F, 43, 64
54654, C, 54, 20
54663, C, 61, 13
54666, C, 62, 26
54675, E, 64, 0
54675, E, 64, 0
54685, F, 68, 64
54693, E, 64, 127
54705, E, 64, 127
54766, E, 64, 0
54779, E, 64, 0
54796, E, 64, 0
54798, E, 64, 0
54798, E, 64, 0
54896, E, 64, 127
54912, E, 64, 127
54923, F, 63, 64
54966, C, 50, 63
54970, C, 62, 44
54974, C, 52, 29
54978, C, 59, 40
54987, C, 63, 41
54993, F, 52, 64
54994, F, 54, 64
55099, F, 65, 64
55928, C, 53, 31
55950, F, 49, 64
55954, F, 54, 64
55968, F, 62, 64
55977, F, 61, 64
56355, C, 35, 65
56402, C, 68, 50
56404, F, 73, 64
56407, E, 64, 127
56410, F, 50, 64
56436, F, 64, 64
56436, E, 64, 0
56436, E, 64, 0
56440, F, 70, 64
56450, F, 55, 64
56501, C, 56, 52
56501, C, 50, 36
56506, F, 52, 64
56562, E, 64, 127
56595, E, 64, 0
56625, C, 80, 66
56640, F, 64, 64
56650, C, 58, 16
56651, E, 64, 0
56662, F, 55, 64
56662, F, 72, 64
56675, E, 64, 127
56680, E, 64, 127
56732, F, 74, 64
56735, F, 55, 64
56740, F, 59, 64
56741, C, 63, 45
56765, F, 72, 64
56851, E, 64, 0
56851, E, 64, 0
56866, C, 70, 66
56870, C, 82, 72
56873, F, 80, 64
56873, C, 56, 33
56873, C, 51, 45
56873, C, 64, 26
56882, E, 64, 0
56885, C, 62, 17
56890, E, 64, 0
56890, E, 64, 0
56890, C, 63, 35
56890, C, 58, 19
56894, C, 58, 19
56894, C, 64, 35
56917, F, 65, 64
56918, F, 56, 64
56947, F, 57, 64
56950, F, 61, 64
57004, C, 65, 51
57008, C, 53, 44
57016, E, 64, 0
57025, F, 55, 64
57032, E, 64, 0
57035, F, 70, 64
57053, E, 64, 127
57073, E, 64, 127
57146, C, 69, 70
57153, C, 65, 44
57194, F, 71, 64
57194, C, 51, 26
57195, C, 56, 27
57222, F, 68, 64
57258, F, 46, 64
57286, E, 64, 127
57288, E, 64, 127
57331, F, 62, 64
57332, F, 51, 64
57338, F, 69, 64
57408, E, 64, 0
57410, C, 72, 45
57410, E, 64, 0
57410, F, 40, 64
57419, E, 64, 127
57430, E, 64, 127
57440, F, 42, 64
57489, F, 57, 64
57498, F, 71, 64
57525, F, 73, 64
57527, C, 62, 66
57529, F, 75, 64
57564, C, 68, 50
57567, C, 75, 54
57569, C, 68, 53
57573, C, 71, 35
57589, F, 76, 64
57596, F, 52, 64
57596, E, 64, 127
57596, E, 64, 127
57614, F, 62, 64
57614, F, 67, 64
57727, F, 58, 64
57833, C, 73, 70
57834, C, 56, 25
57835, C, 55, 16
57829, C, 62, 25
57828, C, 55, 19
57852, C, 62, 19
57853, C, 62, 31
57866, F, 73, 64
57871, C, 74, 54
57870, F, 62, 64
57890, F, 51, 64
57890, F, 59, 64
57905, C, 49, 21
57915, F, 66, 64
57928, C, 43, 50
57930, E, 64, 127
57930, E, 64, 127
57930, E, 64, 127
57934, F, 57, 64
57942, F, 62, 64
57950, F, 69, 64
57967, F, 56, 64
57968, F, 60, 64
57969, F, 62, 64
57992, F, 75, 64
58014, C, 75, 55
58013, C, 61, 56
58019, F, 72, 64
58017, E, 64, 127
58017, E, 64, 127
58033, F, 56, 64
58050, E, 64, 0
58053, F, 74, 64
58054, C, 82, 60
58065, E, 64, 0
58065, E, 64, 0
58098, C, 78, 87
58097, C, 62, 49
58103, C, 78, 83
58109, C, 70, 54
58108, F, 80, 64
58125, E, 64, 0
58131, C, 41, 36
58147, E, 64, 127
58148, E, 64, 127
58148, E, 64, 127
58156, F, 77, 64
58166, E, 64, 0
58168, E, 64, 0
58178, C, 49, 49
58184, C, 49, 97
58188, E, 64, 0
58204, F, 81, 64
58207, C, 85, 89
58216, E, 64, 127
58228, E, 64, 127
58227, E, 64, 127
58229, F, 84, 64
58382, F, 64, 64
58372, F, 81, 64
58371, F, 80, 64
58375, F, 62, 64
58406, F, 35, 64
58406, F, 60, 64
58412, C, 56, 40
58424, F, 86, 64
58449, E, 64, 127
58449, E, 64, 127
58476, F, 80, 64
58539, C, 80, 64
58539, C, 59, 47
58566, F, 79, 64
58612, C, 90, 72
58618, C, 75, 75
58619, C, 63, 52
58618, C, 60, 71
58623, E, 64, 127
58623, E, 64, 127
58632, E, 64, 127
58651, C, 84, 62
58679, F, 82, 64
58690, F, 58, 64
58723, C, 86, 53
58732, F, 72, 64
58759, F, 53, 64
58862, C, 39, 65
58871, C, 64, 54
58876, E, 64, 127
58900, F, 80, 64
58940, C, 45, 23
58946, C, 64, 19
58948, C, 49, 15
58958, E, 64, 0
58982, E, 64, 0
58988, C, 62, 28
58997, E, 64, 0
59001, C, 83, 52
59006, F, 90, 64
59012, F, 81, 64
59015, C, 78, 52
59020, C, 63, 46
59021, C, 82, 54
59132, F, 86, 64
59140, C, 69, 64
59149, F, 84, 64
59169, F, 81, 64
59227, C, 90, 88
59236, C, 80, 90
59258, E, 64, 0
59262, F, 83, 64
59270, E, 64, 127
59270, E, 64, 127
59309, F, 69, 64
59309, C, 79, 28
59313, F, 73, 64
59321, E, 64, 0
59320, E, 64, 0
59329, C, 52, 48
59329, C, 57, 28
59353, F, 60, 64
59353, C, 65, 26
59353, F, 58, 64
59353, C, 64, 24
59355, C, 61, 31
59358, E, 64, 0
59360, F, 69, 64
59375, E, 64, 127
59376, F, 64, 64
59377, F, 48, 64
59402, E, 64, 127
59401, E, 64, 127
59446, F, 65, 64
59542, F, 73, 64
59617, C, 74, 36
59619, C, 54, 89
59623, C, 60, 57
59639, E, 64, 127
59639, E, 64, 127
59795, C, 60, 42
59796, C, 69, 52
59889, F, 73, 64
59892, F, 59, 64
59895, C, 73, 49
59898, C, 62, 29
59899, C, 65, 29
59941, F, 75, 64
59980, E, 64, 0
59982, E, 64, 0
59997, C, 53, 51
59998, F, 69, 64
61103,	
